Date,Open,High,Low,Close,Adj Close,Volume
2013-12-31,12.808000,12.884000,12.794000,12.884000,12.573943,211000
2014-01-02,12.972000,13.024000,12.880000,12.916000,12.605173,230000
2014-01-03,12.856000,12.856000,12.730000,12.792000,12.484157,254000
2014-01-06,12.832000,12.832000,12.720000,12.740000,12.433408,249000
2014-01-07,12.700000,12.788000,12.686000,12.782000,12.474396,239500
2014-01-08,12.892000,12.948000,12.838000,12.948000,12.636403,340000
2014-01-09,12.766000,12.766000,12.614000,12.672000,12.367043,262000
2014-01-10,12.750000,12.956000,12.748000,12.948000,12.636403,277500
2014-01-13,12.852000,12.864000,12.700000,12.726000,12.419744,291500
2014-01-14,12.730000,12.904000,12.730000,12.904000,12.593461,259500
2014-01-15,13.090000,13.220000,13.076000,13.170000,12.853061,310000
2014-01-16,13.240000,13.240000,13.176000,13.196000,12.878434,237500
2014-01-17,13.602000,13.726000,13.600000,13.686000,13.356643,374000
2014-01-21,13.458000,13.508000,13.332000,13.420000,13.097044,468000
2014-01-22,13.616000,13.740000,13.588000,13.736000,13.405438,450500
2014-01-23,13.496000,13.506000,13.196000,13.258000,12.938944,734500
2014-01-24,12.878000,12.878000,12.500000,12.520000,12.218702,2652500
2014-01-27,12.538000,12.636000,12.388000,12.432000,12.132819,2263500
2014-01-28,12.912000,13.040000,12.912000,12.982000,12.669583,345000
2014-01-29,13.660000,13.660000,13.284000,13.360000,13.038486,894500
2014-01-30,14.000000,14.000000,13.776000,13.830000,13.497175,833000
2014-01-31,13.800000,13.840000,13.650000,13.830000,13.497175,262000
2014-02-03,13.852000,13.852000,13.452000,13.458000,13.134130,370000
2014-02-04,13.300000,13.386000,13.164000,13.386000,13.063863,597000
2014-02-05,13.204000,13.270000,13.060000,13.222000,12.903809,905000
2014-02-06,13.156000,13.322000,13.062000,13.266000,12.946749,1052500
2014-02-07,13.518000,13.692000,13.488000,13.650000,13.321508,191500
2014-02-10,13.804000,13.804000,13.608000,13.634000,13.305894,385500
2014-02-11,13.712000,13.800000,13.640000,13.790000,13.458138,248000
2014-02-12,13.912000,13.998000,13.814000,13.850000,13.516696,323500
2014-02-13,13.814000,14.060000,13.814000,14.056000,13.717737,171000
2014-02-14,14.196000,14.358000,14.196000,14.354000,14.008567,311000
2014-02-18,15.026000,15.124000,14.984000,15.080000,14.717094,555500
2014-02-19,15.044000,15.140000,15.022000,15.040000,14.678058,570000
2014-02-20,14.560000,14.722000,14.536000,14.720000,14.365759,381000
2014-02-21,15.004000,15.004000,14.930000,14.960000,14.599983,362500
2014-02-24,15.006000,15.120000,14.966000,15.090000,14.726854,398000
2014-02-25,14.954000,15.150000,14.844000,15.026000,14.664395,1267000
2014-02-26,15.100000,15.140000,15.020000,15.020000,14.658540,495000
2014-02-27,15.824000,15.888000,15.710000,15.870000,15.488083,447500
2014-02-28,16.091999,16.091999,15.998000,16.020000,15.634474,493500
2014-03-03,15.440000,15.568000,15.386000,15.554000,15.179688,498000
2014-03-04,15.900000,15.982000,15.900000,15.966000,15.581774,506000
2014-03-05,16.056000,16.138000,15.972000,16.134001,15.745731,331000
2014-03-06,16.365999,16.646000,16.346001,16.624001,16.223940,556500
2014-03-07,16.368000,16.370001,16.094000,16.246000,15.855035,599000
2014-03-10,16.007999,16.007999,15.806000,15.994000,15.609100,387500
2014-03-11,16.000000,16.030001,15.802000,15.808000,15.427574,766500
2014-03-12,15.514000,15.628000,15.462000,15.628000,15.251908,456500
2014-03-13,15.266000,15.306000,14.804000,14.854000,14.496533,931500
2014-03-14,14.552000,14.600000,14.402000,14.430000,14.082738,611000
2014-03-17,14.100000,14.266000,14.080000,14.186000,13.844608,703000
2014-03-18,14.834000,15.082000,14.834000,15.070000,14.707335,432500
2014-03-19,14.798000,14.798000,14.224000,14.406000,14.059316,618500
2014-03-20,14.330000,14.480000,14.210000,14.480000,14.131533,380000
2014-03-21,14.940000,15.150000,14.900000,14.928000,14.568754,351500
2014-03-24,15.082000,15.182000,14.966000,15.024000,14.662442,374000
2014-03-25,14.450000,14.612000,14.450000,14.506000,14.156907,783000
2014-03-26,14.406000,14.410000,14.110000,14.120000,13.780197,1480500
2014-03-27,13.678000,13.678000,13.358000,13.420000,13.097044,849500
2014-03-28,13.760000,13.970000,13.760000,13.894000,13.559636,615000
2014-03-31,13.958000,13.958000,13.816000,13.820000,13.487417,873000
2014-04-01,14.450000,14.622000,14.450000,14.622000,14.270118,571500
2014-04-02,14.528000,14.554000,14.428000,14.554000,14.203753,228500
2014-04-03,14.122000,14.122000,13.940000,14.074000,13.735305,483000
2014-04-04,13.700000,13.900000,13.250000,13.250000,12.931135,1453000
2014-04-07,12.930000,12.986000,12.630000,12.746000,12.439264,1103500
2014-04-08,13.032000,13.332000,13.016000,13.326000,13.005305,913500
2014-04-09,13.608000,13.818000,13.546000,13.816000,13.483513,1407500
2014-04-10,14.500000,14.694000,14.100000,14.200000,13.858272,713000
2014-04-11,13.386000,13.592000,13.360000,13.460000,13.136082,469000
2014-04-14,13.610000,13.706000,13.534000,13.626000,13.298087,427000
2014-04-15,13.360000,13.382000,12.930000,13.272000,12.952604,715000
2014-04-16,13.516000,13.590000,13.400000,13.590000,13.262953,1366000
2014-04-17,13.548000,13.684000,13.508000,13.640000,13.311749,598500
2014-04-21,13.674000,13.678000,13.520000,13.676000,13.346883,297500
2014-04-22,13.544000,13.674000,13.498000,13.638000,13.309796,351000
2014-04-23,13.548000,13.630000,13.456000,13.456000,13.132177,479000
2014-04-24,13.652000,13.718000,13.490000,13.568000,13.241482,279000
2014-04-25,13.472000,13.550000,13.140000,13.140000,12.823782,908500
2014-04-28,13.130000,13.130000,12.828000,12.922000,12.611030,759500
2014-04-29,13.140000,13.266000,13.040000,13.264000,12.944798,278000
2014-04-30,12.500000,12.536000,12.360000,12.440000,12.140627,594000
2014-05-01,12.450000,12.674000,12.400000,12.668000,12.363141,626500
2014-05-02,12.750000,12.820000,12.680000,12.746000,12.439264,230000
2014-05-05,12.700000,12.750000,12.600000,12.600000,12.296777,184500
2014-05-06,12.670000,12.728000,12.450000,12.450000,12.150387,402500
2014-05-07,12.274000,12.274000,12.040000,12.040000,11.750253,505500
2014-05-08,12.170000,12.270000,12.114000,12.196000,11.902499,399000
2014-05-09,12.230000,12.342000,12.230000,12.342000,12.044986,733500
2014-05-12,13.024000,13.136000,13.020000,13.098000,12.782793,417000
2014-05-13,13.138000,13.144000,13.052000,13.100000,12.784743,276500
2014-05-14,13.770000,14.240000,13.770000,14.212000,14.035796,812500
2014-05-15,14.152000,14.186000,13.752000,13.936000,13.763217,239000
2014-05-16,13.880000,13.904000,13.736000,13.900000,13.727662,175500
2014-05-19,13.908000,14.020000,13.908000,13.976000,13.802722,487500
2014-05-20,14.250000,14.730000,14.250000,14.440000,14.260967,285800
2014-05-21,14.650000,14.650000,14.400000,14.620000,14.438738,375700
2014-05-22,14.730000,14.730000,14.500000,14.670000,14.488116,338000
2014-05-23,14.480000,14.480000,14.340000,14.400000,14.221463,183600
2014-05-27,14.390000,14.400000,14.300000,14.370000,14.191835,323100
2014-05-28,14.500000,14.640000,14.470000,14.600000,14.418985,281700
2014-05-29,14.260000,14.300000,14.100000,14.250000,14.073323,193300
2014-05-30,14.100000,14.190000,14.030000,14.120000,13.944935,116700
2014-06-02,14.190000,14.230000,14.180000,14.190000,14.014068,151100
2014-06-03,14.240000,14.420000,14.240000,14.400000,14.221463,182700
2014-06-04,14.150000,14.190000,14.010000,14.110000,13.935060,209800
2014-06-05,14.030000,14.200000,14.000000,14.200000,14.023943,285100
2014-06-06,14.060000,14.100000,13.960000,14.090000,13.915307,117300
2014-06-09,14.190000,14.410000,14.190000,14.390000,14.211588,251800
2014-06-10,14.600000,14.670000,14.520000,14.670000,14.488116,441200
2014-06-11,14.750000,14.890000,14.750000,14.830000,14.646132,459200
2014-06-12,14.870000,14.920000,14.660000,14.730000,14.547372,296500
2014-06-13,14.880000,14.950000,14.870000,14.920000,14.735018,132800
2014-06-16,14.910000,14.950000,14.830000,14.890000,14.705389,138500
2014-06-17,14.940000,14.940000,14.760000,14.900000,14.715265,178700
2014-06-18,15.000000,15.120000,14.860000,15.110000,14.922661,155800
2014-06-19,15.000000,15.010000,14.860000,14.910000,14.725142,136300
2014-06-20,14.890000,14.980000,14.800000,14.830000,14.646132,151400
2014-06-23,14.760000,14.760000,14.620000,14.740000,14.557249,142500
2014-06-24,14.700000,14.960000,14.700000,14.800000,14.616505,242400
2014-06-25,14.750000,14.950000,14.750000,14.940000,14.754768,155200
2014-06-26,15.130000,15.250000,15.110000,15.240000,15.051049,180100
2014-06-27,15.120000,15.280000,15.120000,15.260000,15.070803,108400
2014-06-30,15.250000,15.290000,15.200000,15.270000,15.080679,115500
2014-07-01,15.320000,15.460000,15.300000,15.440000,15.248569,156200
2014-07-02,15.870000,15.900000,15.780000,15.780000,15.584355,209400
2014-07-03,16.000000,16.120001,16.000000,16.120001,15.920139,201500
2014-07-07,16.219999,16.219999,16.080000,16.090000,15.890512,187000
2014-07-08,16.150000,16.160000,15.760000,15.800000,15.604107,364300
2014-07-09,15.730000,15.790000,15.560000,15.750000,15.554727,246500
2014-07-10,15.740000,15.740000,15.400000,15.570000,15.376958,195800
2014-07-11,15.730000,15.750000,15.560000,15.740000,15.544851,185200
2014-07-14,15.900000,15.980000,15.800000,15.950000,15.752248,202800
2014-07-15,15.980000,15.980000,15.760000,15.890000,15.692991,139600
2014-07-16,16.000000,16.150000,16.000000,16.110001,15.910263,116600
2014-07-17,15.800000,15.890000,15.610000,15.670000,15.475718,247300
2014-07-18,15.800000,15.930000,15.800000,15.900000,15.702867,95300
2014-07-21,15.610000,15.810000,15.520000,15.780000,15.584355,106200
2014-07-22,16.000000,16.120001,16.000000,16.049999,15.851007,123500
2014-07-23,16.080000,16.100000,15.950000,15.960000,15.762123,228600
2014-07-24,15.990000,16.139999,15.970000,16.080000,15.880635,216700
2014-07-25,16.110001,16.120001,16.000000,16.100000,15.900388,144100
2014-07-28,16.629999,16.790001,16.500000,16.780001,16.571959,227100
2014-07-29,16.850000,16.950001,16.799999,16.830000,16.621334,220300
2014-07-30,16.600000,16.760000,16.500000,16.570000,16.364561,173900
2014-07-31,16.410000,16.490000,16.190001,16.230000,16.028774,260500
2014-08-01,16.440001,16.660000,16.350000,16.520000,16.315178,248000
2014-08-04,16.740000,16.799999,16.580000,16.799999,16.591707,122800
2014-08-05,17.059999,17.180000,16.959999,17.010000,16.799105,276500
2014-08-06,16.959999,17.000000,16.900000,16.900000,16.690468,601600
2014-08-07,16.680000,16.680000,16.309999,16.420000,16.216417,241700
2014-08-08,16.750000,16.870001,16.660000,16.860001,16.650965,905500
2014-08-11,16.900000,17.100000,16.900000,17.090000,16.878115,868000
2014-08-12,17.219999,17.290001,17.110001,17.270000,17.055882,219400
2014-08-13,17.600000,17.639999,17.299999,17.570000,17.352161,1216000
2014-08-14,16.850000,16.950001,16.799999,16.910000,16.700344,813800
2014-08-15,16.940001,16.940001,16.770000,16.820000,16.611458,373200
2014-08-18,16.790001,16.799999,16.639999,16.719999,16.512699,266400
2014-08-19,16.680000,16.809999,16.680000,16.780001,16.571959,234900
2014-08-20,16.969999,17.049999,16.900000,17.049999,16.838610,208700
2014-08-21,17.000000,17.030001,16.770000,16.770000,16.562082,255900
2014-08-22,16.730000,16.900000,16.709999,16.740000,16.532452,177800
2014-08-25,16.850000,16.850000,16.709999,16.730000,16.522575,113600
2014-08-26,16.750000,16.750000,16.709999,16.740000,16.532452,212200
2014-08-27,16.660000,16.670000,16.530001,16.540001,16.334930,255800
2014-08-28,16.410000,16.480000,16.299999,16.320000,16.117659,173900
2014-08-29,16.320000,16.379999,16.150000,16.219999,16.018898,231000
2014-09-02,16.299999,16.309999,16.160000,16.250000,16.048527,350300
2014-09-03,16.309999,16.780001,16.309999,16.610001,16.404062,332600
2014-09-04,16.770000,16.799999,16.600000,16.670000,16.463322,242300
2014-09-05,16.600000,16.629999,16.459999,16.629999,16.423813,217900
2014-09-08,16.320000,16.340000,16.100000,16.120001,15.920139,386000
2014-09-09,16.139999,16.170000,15.980000,15.990000,15.791751,438200
2014-09-10,15.750000,15.760000,15.560000,15.700000,15.505346,861400
2014-09-11,15.580000,15.760000,15.550000,15.620000,15.426339,521900
2014-09-12,15.680000,15.890000,15.650000,15.690000,15.495470,435600
2014-09-15,15.890000,15.920000,15.710000,15.710000,15.515223,488600
2014-09-16,15.670000,15.840000,15.520000,15.720000,15.525099,566400
2014-09-17,15.870000,16.000000,15.800000,15.810000,15.613983,329100
2014-09-18,15.910000,15.960000,15.850000,15.910000,15.712743,1218200
2014-09-19,16.090000,16.129999,15.970000,16.020000,15.821378,725900
2014-09-22,15.660000,15.660000,15.360000,15.400000,15.209065,645900
2014-09-23,15.360000,15.420000,15.180000,15.200000,15.011546,199400
2014-09-24,15.240000,15.370000,15.170000,15.330000,15.139933,211900
2014-09-25,15.220000,15.220000,14.950000,15.010000,14.823901,504600
2014-09-26,14.960000,15.170000,14.960000,15.110000,14.922661,176500
2014-09-29,14.950000,14.950000,14.660000,14.760000,14.577001,1095100
2014-09-30,14.730000,14.880000,14.730000,14.820000,14.636256,854400
2014-10-01,14.770000,14.800000,14.430000,14.470000,14.290597,514100
2014-10-02,14.430000,14.480000,14.130000,14.420000,14.241218,604100
2014-10-03,15.000000,15.000000,14.830000,14.920000,14.735018,463000
2014-10-06,15.400000,15.470000,14.990000,15.410000,15.218942,206100
2014-10-07,15.380000,15.460000,15.200000,15.230000,15.041173,283200
2014-10-08,15.200000,15.500000,15.110000,15.430000,15.238693,268000
2014-10-09,15.240000,15.240000,14.800000,14.960000,14.774520,176400
2014-10-10,14.810000,14.870000,14.620000,14.660000,14.478241,407300
2014-10-13,14.680000,14.900000,14.600000,14.750000,14.567125,530700
2014-10-14,14.600000,14.730000,14.520000,14.600000,14.418985,338100
2014-10-15,14.530000,14.700000,14.250000,14.650000,14.468364,446700
2014-10-16,14.260000,14.700000,14.250000,14.510000,14.330101,342300
2014-10-17,14.660000,14.770000,14.600000,14.620000,14.438738,277100
2014-10-20,14.600000,14.740000,14.600000,14.730000,14.547372,124200
2014-10-21,15.020000,15.130000,14.970000,15.110000,14.922661,311900
2014-10-22,15.270000,15.410000,15.170000,15.170000,14.981916,227500
2014-10-23,15.330000,15.530000,15.290000,15.490000,15.297950,546300
2014-10-24,15.400000,15.490000,15.300000,15.400000,15.209065,425400
2014-10-27,15.160000,15.190000,15.050000,15.180000,14.991794,421500
2014-10-28,15.330000,15.670000,15.330000,15.660000,15.465843,516500
2014-10-29,15.730000,15.790000,15.580000,15.650000,15.455966,554400
2014-10-30,15.700000,16.799999,15.600000,15.840000,15.643612,334500
2014-10-31,16.059999,16.090000,15.930000,16.049999,15.851007,356800
2014-11-03,16.040001,16.090000,15.810000,15.820000,15.623858,409700
2014-11-04,15.760000,15.840000,15.620000,15.830000,15.633736,365900
2014-11-05,15.950000,16.049999,15.930000,16.010000,15.811502,443200
2014-11-06,16.020000,16.049999,15.930000,16.030001,15.831255,262900
2014-11-07,15.860000,15.900000,15.730000,15.810000,15.613983,298200
2014-11-10,16.170000,16.299999,16.139999,16.200001,15.999148,261100
2014-11-11,16.410000,16.459999,16.200001,16.450001,16.246048,453900
2014-11-12,16.260000,16.280001,15.880000,16.139999,15.939890,497400
2014-11-13,16.600000,16.690001,16.469999,16.629999,16.423813,477800
2014-11-14,17.010000,17.360001,17.000000,17.320000,17.105261,1020200
2014-11-17,16.830000,16.850000,16.600000,16.719999,16.512699,373800
2014-11-18,16.230000,16.360001,16.129999,16.260000,16.058403,826800
2014-11-19,16.100000,16.200001,15.930000,15.980000,15.781875,290000
2014-11-20,16.080000,16.190001,16.030001,16.129999,15.930013,333700
2014-11-21,16.250000,16.540001,16.250000,16.350000,16.147287,372300
2014-11-24,16.070000,16.250000,16.070000,16.150000,15.949765,336600
2014-11-25,16.209999,16.209999,16.049999,16.059999,15.860883,300400
2014-11-26,16.160000,16.280001,16.090000,16.250000,16.048527,282000
2014-11-28,16.110001,16.120001,15.900000,15.990000,15.791751,155700
2014-12-01,15.640000,15.650000,15.330000,15.380000,15.189314,252300
2014-12-02,15.380000,15.580000,15.380000,15.570000,15.376958,336100
2014-12-03,15.500000,15.550000,15.250000,15.310000,15.120183,230900
2014-12-04,15.350000,15.350000,15.180000,15.220000,15.031299,322800
2014-12-05,15.310000,15.410000,15.230000,15.410000,15.218942,255200
2014-12-08,15.190000,15.340000,15.000000,15.050000,14.863406,306000
2014-12-09,14.970000,14.970000,14.650000,14.820000,14.636256,345500
2014-12-10,14.880000,14.900000,14.600000,14.620000,14.438738,340100
2014-12-11,14.600000,14.730000,14.590000,14.620000,14.438738,271200
2014-12-12,14.600000,14.620000,14.430000,14.440000,14.260967,722400
2014-12-15,14.480000,14.480000,14.090000,14.130000,13.954812,265500
2014-12-16,13.720000,14.140000,13.640000,13.890000,13.717789,1468600
2014-12-17,13.650000,13.980000,13.550000,13.890000,13.717789,387100
2014-12-18,14.630000,14.650000,14.430000,14.520000,14.339976,659600
2014-12-19,14.900000,15.110000,14.820000,15.050000,14.863406,393000
2014-12-22,14.690000,14.730000,14.500000,14.700000,14.517745,383300
2014-12-23,14.600000,14.690000,14.490000,14.600000,14.418985,353200
2014-12-24,14.590000,14.600000,14.400000,14.510000,14.330101,151600
2014-12-26,14.550000,15.030000,14.550000,14.890000,14.705389,178600
2014-12-29,14.680000,14.680000,14.510000,14.550000,14.369605,233400
2014-12-30,14.540000,14.540000,14.390000,14.480000,14.300473,495800
2014-12-31,14.430000,14.640000,14.430000,14.510000,14.330101,440000
2015-01-02,14.410000,14.430000,14.270000,14.380000,14.201712,305100
2015-01-05,14.480000,14.600000,14.340000,14.600000,14.418985,418700
2015-01-06,15.400000,15.490000,15.050000,15.290000,15.100430,625000
2015-01-07,16.000000,16.250000,15.950000,16.230000,16.028774,1378100
2015-01-08,16.490000,16.610001,16.450001,16.600000,16.394188,1044900
2015-01-09,16.540001,16.600000,16.430000,16.510000,16.305304,1013900
2015-01-12,16.469999,16.530001,16.160000,16.200001,15.999148,513700
2015-01-13,16.480000,16.660000,16.350000,16.440001,16.236172,1128700
2015-01-14,16.129999,16.200001,16.000000,16.170000,15.969522,244400
2015-01-15,16.170000,16.299999,16.040001,16.100000,15.900388,306500
2015-01-16,15.680000,15.800000,15.610000,15.800000,15.604107,548900
2015-01-20,16.180000,16.240000,15.970000,16.059999,15.860883,601900
2015-01-21,16.490000,16.620001,16.410000,16.600000,16.394188,966200
2015-01-22,16.990000,17.120001,16.889999,17.100000,16.887989,1105000
2015-01-23,17.090000,17.200001,16.969999,17.090000,16.878115,1011700
2015-01-26,17.549999,17.730000,17.530001,17.680000,17.460798,616800
2015-01-27,17.400000,17.480000,17.250000,17.420000,17.204020,372700
2015-01-28,17.469999,17.680000,17.420000,17.430000,17.213896,497700
2015-01-29,17.299999,17.370001,17.150000,17.360001,17.144766,1215900
2015-01-30,17.000000,17.040001,16.809999,16.820000,16.611458,562100
2015-02-02,16.900000,17.440001,16.900000,17.350000,17.134890,844200
2015-02-03,17.490000,17.490000,17.270000,17.400000,17.184267,485200
2015-02-04,17.430000,17.500000,17.290001,17.350000,17.134890,380200
2015-02-05,17.430000,17.490000,17.370001,17.430000,17.213896,243500
2015-02-06,17.440001,17.440001,17.139999,17.160000,16.947245,159800
2015-02-09,17.000000,17.080000,16.980000,17.010000,16.799105,254200
2015-02-10,17.120001,17.180000,17.049999,17.139999,16.927488,391500
2015-02-11,17.110001,17.110001,16.860001,16.969999,16.759602,399000
2015-02-12,16.719999,16.799999,16.660000,16.730000,16.522575,329000
2015-02-13,16.760000,16.809999,16.719999,16.790001,16.581835,255300
2015-02-17,16.790001,16.950001,16.760000,16.889999,16.680592,505800
2015-02-18,16.879999,16.879999,16.639999,16.650000,16.443571,489800
2015-02-19,16.700001,16.770000,16.639999,16.719999,16.512699,214600
2015-02-20,16.639999,16.879999,16.590000,16.860001,16.650965,498600
2015-02-23,17.049999,17.340000,17.049999,17.209999,16.996624,542100
2015-02-24,17.260000,17.450001,17.260000,17.400000,17.184267,430300
2015-02-25,17.500000,17.510000,17.379999,17.450001,17.233650,1093500
2015-02-26,17.350000,17.450001,17.350000,17.350000,17.134890,277700
2015-02-27,17.540001,17.540001,17.410000,17.410000,17.194145,337200
2015-03-02,17.450001,17.559999,17.450001,17.549999,17.332409,290600
2015-03-03,17.480000,17.480000,17.260000,17.350000,17.134890,249000
2015-03-04,17.120001,17.200001,17.030001,17.120001,16.907742,348000
2015-03-05,17.129999,17.129999,16.969999,16.990000,16.779354,483100
2015-03-06,16.889999,16.980000,16.709999,16.750000,16.542330,303200
2015-03-09,17.020000,17.139999,16.889999,17.059999,16.848486,249000
2015-03-10,16.709999,16.920000,16.709999,16.730000,16.522575,217100
2015-03-11,16.850000,17.000000,16.809999,16.840000,16.631208,980900
2015-03-12,17.120001,17.120001,16.950001,17.049999,16.838610,362500
2015-03-13,17.100000,17.139999,16.959999,17.100000,16.887989,1444600
2015-03-16,17.400000,17.629999,17.379999,17.549999,17.332409,2469700
2015-03-17,17.420000,17.719999,17.150000,17.650000,17.431173,3932700
2015-03-18,17.670000,17.799999,17.270000,17.280001,17.065758,2142600
2015-03-19,18.459999,18.660000,18.450001,18.660000,18.428646,1898000
2015-03-20,18.450001,18.670000,18.370001,18.580000,18.349642,732400
2015-03-23,18.780001,19.070000,18.760000,19.000000,18.764433,715700
2015-03-24,18.510000,18.540001,18.440001,18.450001,18.221252,654600
2015-03-25,18.370001,18.420000,18.150000,18.170000,17.944723,336700
2015-03-26,17.969999,18.360001,17.969999,18.150000,17.924971,358800
2015-03-27,18.480000,18.719999,18.299999,18.670000,18.438524,988400
2015-03-30,18.700001,18.799999,18.620001,18.760000,18.527409,419900
2015-03-31,18.990000,19.000000,18.870001,18.969999,18.734802,444000
2015-04-01,18.950001,19.070000,18.900000,19.070000,18.833565,838400
2015-04-02,19.320000,19.459999,19.200001,19.389999,19.149597,515600
2015-04-06,19.320000,19.629999,19.309999,19.580000,19.337242,363200
2015-04-07,19.600000,19.650000,19.559999,19.570000,19.327364,597500
2015-04-08,20.270000,20.559999,20.180000,20.290001,20.038439,567200
2015-04-09,20.770000,21.410000,20.760000,21.170000,20.907528,1642900
2015-04-10,21.020000,21.070000,20.750000,21.049999,20.789013,756200
2015-04-13,22.030001,22.150000,21.620001,21.620001,21.351950,784200
2015-04-14,20.670000,20.850000,20.549999,20.770000,20.512487,628200
2015-04-15,20.320000,20.350000,20.150000,20.250000,19.998934,513100
2015-04-16,20.660000,20.770000,20.500000,20.650000,20.393976,1359100
2015-04-17,19.920000,19.969999,19.650000,19.850000,19.603893,1836400
2015-04-20,19.610001,19.870001,19.610001,19.850000,19.603893,463700
2015-04-21,20.500000,20.680000,20.500000,20.610001,20.354471,345800
2015-04-22,20.850000,21.070000,20.840000,21.030001,20.769262,1060000
2015-04-23,20.809999,21.030001,20.770000,20.969999,20.710005,341900
2015-04-24,20.889999,21.080000,20.809999,21.080000,20.818642,328400
2015-04-27,21.080000,21.180000,20.950001,20.959999,20.700129,287900
2015-04-28,21.000000,21.150000,20.959999,21.150000,20.887775,681300
2015-04-29,21.139999,21.290001,21.049999,21.139999,20.877899,333800
2015-04-30,20.700001,20.740000,20.600000,20.620001,20.364347,420500
2015-05-01,20.700001,20.700001,20.430000,20.450001,20.196455,1092300
2015-05-04,20.520000,20.590000,20.370001,20.559999,20.305092,382800
2015-05-05,20.400000,20.400000,20.049999,20.100000,19.850792,245700
2015-05-06,20.040001,20.120001,19.799999,19.860001,19.613770,362700
2015-05-07,19.850000,19.930000,19.790001,19.930000,19.682903,421800
2015-05-08,20.059999,20.190001,19.920000,20.190001,19.939676,270900
2015-05-11,20.530001,20.590000,20.340000,20.350000,20.097698,341000
2015-05-12,20.129999,20.200001,20.070000,20.070000,19.821165,456400
2015-05-13,20.920000,21.100000,20.809999,20.900000,20.688730,849000
2015-05-14,20.959999,20.980000,20.889999,20.930000,20.718430,466300
2015-05-15,20.990000,21.059999,20.940001,21.030001,20.817415,261600
2015-05-18,20.920000,20.930000,20.799999,20.889999,20.678829,390800
2015-05-19,20.889999,20.900000,20.750000,20.760000,20.550146,768200
2015-05-20,20.360001,20.530001,20.350000,20.500000,20.292772,442700
2015-05-21,20.270000,20.400000,20.150000,20.389999,20.183884,311500
2015-05-22,20.540001,20.740000,20.469999,20.690001,20.480852,504000
2015-05-26,20.459999,20.620001,20.299999,20.320000,20.114594,351500
2015-05-27,20.570000,20.570000,20.219999,20.430000,20.223482,308900
2015-05-28,20.090000,20.160000,19.959999,20.070000,19.867121,668200
2015-05-29,20.000000,20.150000,19.930000,19.959999,19.758230,248100
2015-06-01,20.150000,20.240000,19.920000,19.969999,19.768129,583300
2015-06-02,20.200001,20.230000,20.049999,20.200001,19.995806,750900
2015-06-03,20.459999,20.500000,20.250000,20.480000,20.272976,500400
2015-06-04,20.459999,20.459999,20.170000,20.240000,20.035402,217900
2015-06-05,20.040001,20.070000,19.850000,20.070000,19.867121,550800
2015-06-08,20.080000,20.110001,19.850000,19.860001,19.659245,282600
2015-06-09,19.950001,20.090000,19.799999,19.990000,19.787928,220000
2015-06-10,19.889999,20.030001,19.700001,20.020000,19.817627,567300
2015-06-11,20.030001,20.139999,19.980000,20.110001,19.906719,244400
2015-06-12,20.290001,20.290001,20.110001,20.219999,20.015602,170100
2015-06-15,19.820000,20.070000,19.809999,19.840000,19.639444,286500
2015-06-16,19.959999,19.959999,19.760000,19.870001,19.669144,120600
2015-06-17,19.900000,20.139999,19.780001,19.889999,19.688938,867100
2015-06-18,19.910000,20.080000,19.840000,20.049999,19.847321,1079700
2015-06-19,19.900000,20.040001,19.840000,19.910000,19.708736,730800
2015-06-22,20.139999,20.299999,20.139999,20.230000,20.025503,620100
2015-06-23,20.400000,20.520000,20.360001,20.500000,20.292772,646400
2015-06-24,20.959999,21.150000,20.950001,21.070000,20.857012,486200
2015-06-25,20.950001,20.990000,20.809999,20.850000,20.639236,418100
2015-06-26,20.610001,20.790001,20.420000,20.430000,20.223482,2724300
2015-06-29,19.760000,19.820000,19.459999,19.480000,19.283083,401800
2015-06-30,20.150000,20.150000,19.900000,20.049999,19.847321,642300
2015-07-01,20.190001,20.190001,19.920000,19.969999,19.768129,419400
2015-07-02,20.250000,20.350000,19.980000,20.190001,19.985907,238300
2015-07-06,19.000000,19.150000,18.549999,19.010000,18.817835,475600
2015-07-07,18.639999,18.680000,17.910000,18.420000,18.233801,1333000
2015-07-08,17.270000,17.400000,17.170000,17.200001,17.026133,1538200
2015-07-09,18.820000,18.900000,18.540001,18.639999,18.451576,5167600
2015-07-10,19.299999,19.350000,19.000000,19.190001,18.996014,2007300
2015-07-13,19.240000,19.500000,19.240000,19.450001,19.253387,214000
2015-07-14,19.450001,19.799999,19.430000,19.719999,19.520657,271000
2015-07-15,19.500000,19.500000,19.110001,19.110001,18.916824,479800
2015-07-16,19.240000,19.450001,19.240000,19.450001,19.253387,368400
2015-07-17,19.740000,19.920000,19.730000,19.910000,19.708736,141400
2015-07-20,19.969999,20.209999,19.930000,20.170000,19.966108,405000
2015-07-21,20.160000,20.200001,20.090000,20.150000,19.946310,292300
2015-07-22,20.150000,20.150000,19.750000,19.860001,19.659245,275800
2015-07-23,19.750000,20.000000,19.650000,19.660000,19.461264,238800
2015-07-24,19.549999,19.549999,19.190001,19.260000,19.065308,1014300
2015-07-27,18.629999,18.650000,18.330000,18.340000,18.154610,720300
2015-07-28,19.000000,19.000000,18.670000,18.809999,18.619856,519100
2015-07-29,18.650000,18.840000,18.549999,18.809999,18.619856,474500
2015-07-30,18.370001,18.580000,18.340000,18.520000,18.332787,215600
2015-07-31,18.600000,18.799999,18.590000,18.610001,18.421877,220800
2015-08-03,18.350000,18.500000,18.270000,18.299999,18.115013,203100
2015-08-04,18.420000,18.540001,18.290001,18.420000,18.233801,196000
2015-08-05,18.350000,18.530001,18.320000,18.450001,18.263496,109400
2015-08-06,18.180000,18.330000,17.950001,18.030001,17.847740,175900
2015-08-07,18.090000,18.250000,18.080000,18.190001,18.006124,184700
2015-08-10,18.260000,18.590000,18.260000,18.559999,18.372385,183400
2015-08-11,18.000000,18.100000,17.900000,18.070000,17.887337,177600
2015-08-12,17.559999,17.610001,17.160000,17.160000,16.986536,1207700
2015-08-13,18.520000,18.590000,18.400000,18.490000,18.303091,308800
2015-08-14,18.410000,18.590000,18.389999,18.549999,18.362484,767000
2015-08-17,18.230000,18.350000,18.010000,18.340000,18.154610,1827100
2015-08-18,17.969999,18.010000,17.820000,18.000000,17.818047,294800
2015-08-19,17.990000,18.000000,17.620001,17.760000,17.580473,1224000
2015-08-20,17.260000,17.379999,17.139999,17.150000,16.976637,688200
2015-08-21,16.850000,16.920000,16.500000,16.600000,16.432196,1117900
2015-08-24,14.910000,16.200001,14.900000,15.590000,15.432407,1545900
2015-08-25,17.299999,17.690001,17.020000,17.150000,16.976637,1148200
2015-08-26,16.799999,16.870001,16.440001,16.860001,16.689571,1382100
2015-08-27,16.940001,17.469999,16.930000,17.469999,17.293404,857600
2015-08-28,16.910000,17.049999,16.830000,16.950001,16.778660,487000
2015-08-31,16.879999,16.950001,16.750000,16.850000,16.679670,493700
2015-09-01,16.340000,16.379999,16.020000,16.080000,15.917454,483100
2015-09-02,16.400000,16.450001,16.200001,16.450001,16.283712,399700
2015-09-03,16.629999,16.780001,16.500000,16.690001,16.521288,299300
2015-09-04,16.379999,16.379999,15.930000,16.100000,15.937251,263100
2015-09-08,16.719999,16.980000,16.500000,16.850000,16.679670,465600
2015-09-09,17.110001,17.280001,16.770000,16.770000,16.600481,1212100
2015-09-10,16.389999,16.760000,16.170000,16.600000,16.432196,921200
2015-09-11,16.320000,16.570000,16.320000,16.559999,16.392603,617800
2015-09-14,16.559999,16.570000,16.330000,16.540001,16.372805,364000
2015-09-15,16.860001,17.129999,16.590000,16.950001,16.778660,1159700
2015-09-16,17.410000,17.760000,17.410000,17.730000,17.550772,2503900
2015-09-17,16.990000,17.700001,16.990000,17.420000,17.243908,281000
2015-09-18,17.510000,17.510000,17.100000,17.150000,16.976637,330800
2015-09-21,17.200001,17.320000,17.150000,17.190001,17.016233,244900
2015-09-22,16.629999,16.780001,16.590000,16.730000,16.560881,578800
2015-09-23,16.930000,16.930000,16.629999,16.629999,16.461893,1189400
2015-09-24,16.600000,16.870001,16.500000,16.860001,16.689571,706400
2015-09-25,16.870001,17.150000,16.719999,16.760000,16.590580,516100
2015-09-28,16.750000,16.750000,16.360001,16.469999,16.303513,296000
2015-09-29,16.510000,16.590000,16.379999,16.520000,16.353004,555500
2015-09-30,16.549999,16.920000,16.549999,16.879999,16.709368,444800
2015-10-01,16.930000,17.200001,16.920000,17.150000,16.976637,1176500
2015-10-02,17.170000,17.900000,17.170000,17.780001,17.600267,597000
2015-10-05,18.000000,18.299999,18.000000,18.250000,18.065517,377400
2015-10-06,18.250000,18.250000,17.930000,18.100000,17.917032,445100
2015-10-07,18.270000,18.469999,18.240000,18.450001,18.263496,616000
2015-10-08,18.500000,18.750000,18.360001,18.680000,18.491169,753800
2015-10-09,18.500000,18.700001,18.410000,18.580000,18.392183,963100
2015-10-12,18.549999,18.610001,18.490000,18.580000,18.392183,507200
2015-10-13,18.490000,18.510000,18.260000,18.389999,18.204102,557000
2015-10-14,18.389999,18.520000,18.360001,18.379999,18.194202,169900
2015-10-15,18.610001,18.930000,18.600000,18.889999,18.699047,280000
2015-10-16,18.900000,19.100000,18.900000,19.059999,18.867331,457200
2015-10-19,19.000000,19.129999,18.780001,19.010000,18.817835,855000
2015-10-20,18.920000,19.299999,18.910000,19.190001,18.996014,2126500
2015-10-21,19.160000,19.320000,19.080000,19.080000,18.887125,2733000
2015-10-22,19.100000,19.270000,18.930000,19.219999,19.025713,1117800
2015-10-23,19.650000,19.730000,19.559999,19.730000,19.530556,1624700
2015-10-26,19.400000,19.400000,19.200001,19.230000,19.035614,440400
2015-10-27,19.230000,19.330000,19.170000,19.260000,19.065308,795800
2015-10-28,19.290001,19.420000,19.230000,19.379999,19.184093,1063900
2015-10-29,19.129999,19.129999,18.910000,18.990000,18.798037,284500
2015-10-30,18.860001,18.900000,18.799999,18.870001,18.679251,562000
2015-11-02,18.950001,19.270000,18.930000,19.180000,18.986118,573200
2015-11-03,19.400000,19.610001,19.340000,19.530001,19.332581,223800
2015-11-04,19.629999,19.799999,19.469999,19.570000,19.372173,339300
2015-11-05,19.770000,19.770000,19.450001,19.590000,19.391972,568000
2015-11-06,19.799999,19.879999,19.629999,19.790001,19.589952,967100
2015-11-09,19.650000,19.650000,19.299999,19.450001,19.253387,563300
2015-11-10,19.570000,19.660000,19.400000,19.580000,19.382074,1262500
2015-11-11,19.650000,19.700001,19.520000,19.549999,19.352377,783500
2015-11-12,19.730000,19.809999,19.610001,19.620001,19.421671,608800
2015-11-13,19.520000,19.520000,19.200001,19.270000,19.075207,384200
2015-11-16,19.280001,19.639999,19.150000,19.629999,19.431570,225200
2015-11-17,19.670000,19.730000,19.600000,19.700001,19.500860,631800
2015-11-18,19.580000,19.780001,19.469999,19.780001,19.580051,364800
2015-11-19,19.750000,19.830000,19.709999,19.799999,19.599846,356900
2015-11-20,19.879999,20.250000,19.760000,20.250000,20.045300,1894100
2015-11-23,20.230000,20.260000,20.110001,20.150000,19.946310,1022600
2015-11-24,19.969999,20.260000,19.830000,20.209999,20.005705,803400
2015-11-25,20.379999,20.379999,20.170000,20.250000,20.045300,404500
2015-11-27,19.799999,19.860001,19.719999,19.730000,19.530556,245500
2015-11-30,19.760000,20.020000,19.760000,19.950001,19.748337,809800
2015-12-01,20.020000,20.080000,19.850000,20.070000,19.867121,937000
2015-12-02,19.959999,19.959999,19.600000,19.650000,19.451366,611800
2015-12-03,19.670000,19.910000,19.450001,19.629999,19.431570,435700
2015-12-04,19.520000,19.540001,19.280001,19.530001,19.332581,987000
2015-12-07,19.500000,19.520000,19.299999,19.510000,19.312780,668500
2015-12-08,19.150000,19.290001,19.059999,19.200001,19.005915,1165400
2015-12-09,19.250000,19.500000,19.250000,19.299999,19.104904,841900
2015-12-10,19.430000,19.430000,19.240000,19.240000,19.045509,389900
2015-12-11,19.000000,19.000000,18.610001,18.610001,18.421877,411000
2015-12-14,18.750000,18.920000,18.700001,18.910000,18.718845,584900
2015-12-15,19.070000,19.340000,19.070000,19.270000,19.075207,775500
2015-12-16,19.580000,19.809999,19.520000,19.760000,19.560255,758500
2015-12-17,19.620001,19.620001,19.480000,19.520000,19.322681,944400
2015-12-18,19.670000,19.670000,19.430000,19.570000,19.372173,371900
2015-12-21,19.549999,19.570000,19.330000,19.510000,19.312780,742200
2015-12-22,19.400000,19.690001,19.400000,19.580000,19.382074,715800
2015-12-23,19.650000,19.850000,19.610001,19.830000,19.629547,377900
2015-12-24,19.700001,19.730000,19.610001,19.680000,19.481062,63000
2015-12-28,19.510000,19.549999,19.250000,19.520000,19.322681,130500
2015-12-29,19.500000,19.650000,19.500000,19.629999,19.431570,618300
2015-12-30,19.410000,19.530001,19.400000,19.430000,19.233589,254700
2015-12-31,19.590000,19.660000,19.510000,19.620001,19.421671,382600
2016-01-04,19.129999,19.260000,18.930000,19.129999,18.936621,469100
2016-01-05,19.090000,19.230000,18.940001,19.080000,18.887125,170300
2016-01-06,18.639999,18.709999,18.530001,18.660000,18.471373,333400
2016-01-07,18.049999,18.200001,17.910000,17.910000,17.728954,548200
2016-01-08,18.330000,18.330000,17.959999,17.969999,17.788347,1168100
2016-01-11,17.760000,17.980000,17.610001,17.709999,17.530975,496200
2016-01-12,17.650000,17.820000,17.590000,17.750000,17.570572,403400
2016-01-13,17.750000,17.940001,17.230000,17.240000,17.065725,1863300
2016-01-14,17.360001,17.660000,17.250000,17.590000,17.412189,784700
2016-01-15,17.180000,17.250000,16.940001,17.090000,16.917244,433800
2016-01-19,17.990000,18.059999,17.549999,17.709999,17.530975,906100
2016-01-20,17.180000,17.309999,16.760000,17.200001,17.026133,647800
2016-01-21,17.190001,17.510000,17.150000,17.320000,17.144917,364000
2016-01-22,17.950001,18.120001,17.950001,18.120001,17.936832,938800
2016-01-25,18.430000,18.500000,18.270000,18.299999,18.115013,1064400
2016-01-26,18.139999,18.629999,18.139999,18.540001,18.352587,359700
2016-01-27,18.059999,18.219999,17.900000,18.020000,17.837841,391900
2016-01-28,18.160000,18.360001,18.150000,18.280001,18.095215,664800
2016-01-29,18.600000,18.750000,18.500000,18.740000,18.550566,455600
2016-02-01,18.650000,18.799999,18.600000,18.780001,18.590160,597400
2016-02-02,18.610001,18.610001,18.400000,18.400000,18.214001,917100
2016-02-03,18.100000,18.260000,17.850000,18.260000,18.075418,1978200
2016-02-04,18.200001,18.420000,18.080000,18.209999,18.025921,1305700
2016-02-05,18.430000,18.430000,18.000000,18.040001,17.857641,1177200
2016-02-08,17.879999,18.000000,17.450001,17.580000,17.402292,650700
2016-02-09,17.320000,17.650000,17.170000,17.260000,17.085527,1049500
2016-02-10,17.500000,17.639999,17.410000,17.490000,17.313200,974800
2016-02-11,17.100000,17.240000,16.959999,17.240000,17.065725,1006100
2016-02-12,17.379999,17.379999,17.120001,17.350000,17.174618,984600
2016-02-16,17.889999,18.000000,17.660000,17.879999,17.699257,421400
2016-02-17,17.990000,18.190001,17.930000,18.129999,17.946730,910800
2016-02-18,18.200001,18.370001,18.129999,18.129999,17.946730,1982200
2016-02-19,18.040001,18.200001,18.030001,18.100000,17.917032,248600
2016-02-22,18.459999,18.469999,18.100000,18.459999,18.273396,591800
2016-02-23,18.240000,18.250000,18.000000,18.010000,17.827942,712100
2016-02-24,18.000000,18.090000,17.650000,18.090000,17.907135,308100
2016-02-25,17.850000,18.080000,17.809999,18.030001,17.847740,472100
2016-02-26,18.320000,18.400000,18.200001,18.330000,18.144711,379600
2016-02-29,18.299999,18.440001,18.200001,18.350000,18.164509,256500
2016-03-01,18.570000,19.129999,18.549999,19.070000,18.877230,1201300
2016-03-02,19.000000,19.120001,18.920000,19.120001,18.926725,328000
2016-03-03,18.910000,19.129999,18.900000,19.080000,18.887125,319700
2016-03-04,19.110001,19.260000,18.950001,19.219999,19.025713,546600
2016-03-07,18.719999,18.990000,18.520000,18.889999,18.699047,404700
2016-03-08,18.850000,18.850000,18.600000,18.639999,18.451576,205800
2016-03-09,18.709999,18.719999,18.600000,18.650000,18.461475,520700
2016-03-10,18.700001,18.980000,18.400000,18.660000,18.471373,454000
2016-03-11,19.000000,19.290001,18.850000,19.290001,19.095005,524500
2016-03-14,19.309999,19.730000,19.309999,19.690001,19.490961,360700
2016-03-15,19.530001,19.530001,19.309999,19.440001,19.243490,306400
2016-03-16,19.440001,19.650000,19.270000,19.570000,19.372173,656300
2016-03-17,19.670000,20.400000,19.670000,20.360001,20.154190,822200
2016-03-18,20.420000,20.660000,20.370001,20.520000,20.312572,999900
2016-03-21,20.520000,20.549999,20.370001,20.370001,20.164087,1293300
2016-03-22,20.600000,20.610001,20.370001,20.580000,20.371965,929500
2016-03-23,20.450001,20.610001,20.430000,20.530001,20.322472,1062800
2016-03-24,20.500000,20.500000,20.200001,20.290001,20.084896,389400
2016-03-28,20.200001,20.580000,20.200001,20.570000,20.362064,424300
2016-03-29,20.299999,20.570000,20.129999,20.559999,20.352165,258300
2016-03-30,20.639999,20.639999,20.320000,20.450001,20.243279,871900
2016-03-31,20.320000,20.469999,20.320000,20.440001,20.233381,1428700
2016-04-01,20.340000,20.600000,20.170000,20.559999,20.352165,215100
2016-04-04,20.549999,20.660000,20.469999,20.480000,20.272976,611200
2016-04-05,20.070000,20.219999,19.980000,19.990000,19.787928,556000
2016-04-06,20.360001,20.670000,20.299999,20.670000,20.461056,771400
2016-04-07,20.790001,20.790001,20.510000,20.620001,20.411560,450600
2016-04-08,20.500000,20.780001,20.500000,20.520000,20.312572,347100
2016-04-11,20.700001,20.719999,20.480000,20.520000,20.312572,312800
2016-04-12,20.620001,20.840000,20.480000,20.770000,20.560045,410800
2016-04-13,21.150000,21.410000,21.150000,21.370001,21.153978,593200
2016-04-14,21.330000,21.379999,21.150000,21.299999,21.084688,357700
2016-04-15,21.170000,21.230000,21.100000,21.170000,20.956001,220800
2016-04-18,21.370001,21.549999,21.309999,21.520000,21.302464,432000
2016-04-19,21.309999,21.410000,21.260000,21.389999,21.173779,319900
2016-04-20,21.030001,21.180000,20.799999,21.080000,20.866909,920600
2016-04-21,20.820000,21.070000,20.750000,20.799999,20.589741,290700
2016-04-22,20.700001,20.990000,20.700001,20.820000,20.609539,175100
2016-04-25,20.469999,20.680000,20.440001,20.469999,20.263075,524800
2016-04-26,20.790001,20.799999,20.690001,20.770000,20.560045,367500
2016-04-27,20.530001,20.610001,20.440001,20.610001,20.401661,238200
2016-04-28,20.530001,20.820000,20.530001,20.600000,20.391766,251900
2016-04-29,20.580000,20.580000,20.160000,20.299999,20.094793,367200
2016-05-02,20.379999,20.420000,20.209999,20.360001,20.154190,433700
2016-05-03,19.760000,19.959999,19.709999,19.740000,19.540457,561500
2016-05-04,19.650000,19.719999,19.549999,19.590000,19.391972,518800
2016-05-05,19.770000,19.820000,19.540001,19.610001,19.411768,373300
2016-05-06,19.660000,19.879999,19.629999,19.870001,19.669144,153600
2016-05-09,20.080000,20.080000,19.750000,19.750000,19.550354,513700
2016-05-10,19.959999,20.139999,19.930000,20.120001,19.916616,412100
2016-05-11,20.000000,20.160000,19.959999,20.080000,19.877018,354700
2016-05-12,19.850000,20.040001,19.760000,19.809999,19.609749,307500
2016-05-13,19.930000,20.000000,19.709999,19.809999,19.609749,445100
2016-05-16,20.400000,20.700001,20.330000,20.670000,20.461056,654100
2016-05-17,20.719999,20.850000,20.709999,20.799999,20.589741,842300
2016-05-18,20.670000,20.700001,19.980000,20.250000,20.103748,2430400
2016-05-19,20.120001,20.170000,19.959999,20.000000,19.855555,770700
2016-05-20,20.200001,20.500000,20.200001,20.420000,20.272524,586400
2016-05-23,20.309999,20.580000,20.309999,20.500000,20.351942,298800
2016-05-24,20.620001,21.040001,20.620001,20.980000,20.828478,546300
2016-05-25,20.990000,21.299999,20.990000,21.250000,21.096527,884600
2016-05-26,21.200001,21.219999,21.080000,21.129999,20.977392,970700
2016-05-27,21.809999,22.110001,21.799999,22.000000,21.841114,928200
2016-05-31,22.000000,22.379999,21.990000,22.299999,22.138945,1648600
2016-06-01,21.950001,21.980000,21.820000,21.900000,21.741833,1395800
2016-06-02,21.870001,21.969999,21.770000,21.920000,21.761690,566400
2016-06-03,21.860001,22.129999,21.860001,22.080000,21.920532,1211200
2016-06-06,22.320000,22.600000,22.320000,22.540001,22.377211,1174300
2016-06-07,22.629999,22.870001,22.629999,22.799999,22.635334,427900
2016-06-08,22.799999,22.799999,22.650000,22.660000,22.496344,210200
2016-06-09,22.480000,22.559999,22.450001,22.540001,22.377211,395500
2016-06-10,22.270000,22.400000,22.260000,22.340000,22.178656,932000
2016-06-13,21.709999,21.809999,21.620001,21.650000,21.493639,964500
2016-06-14,21.620001,21.629999,21.389999,21.500000,21.344721,681700
2016-06-15,22.160000,22.330000,22.110001,22.129999,21.970171,1162000
2016-06-16,21.799999,21.990000,21.530001,21.980000,21.821255,520000
2016-06-17,21.809999,21.850000,21.629999,21.740000,21.582989,1034900
2016-06-20,22.070000,22.250000,22.000000,22.020000,21.860968,920000
2016-06-21,22.190001,22.280001,22.020000,22.219999,22.059521,1162700
2016-06-22,22.870001,22.930000,22.670000,22.690001,22.526131,685100
2016-06-23,22.870001,23.150000,22.790001,23.090000,22.923241,1138900
2016-06-24,22.080000,22.549999,22.080000,22.160000,21.999956,1690100
2016-06-27,21.740000,21.750000,21.299999,21.520000,21.364578,995500
2016-06-28,22.059999,22.190001,21.930000,22.150000,21.990026,1181800
2016-06-29,22.350000,22.469999,22.350000,22.450001,22.287861,733000
2016-06-30,22.650000,23.000000,22.629999,22.969999,22.804104,937600
2016-07-01,22.950001,23.129999,22.900000,22.980000,22.814034,643900
2016-07-05,22.629999,22.730000,22.500000,22.600000,22.436779,372600
2016-07-06,22.309999,22.620001,22.260000,22.620001,22.456635,605900
2016-07-07,22.750000,22.780001,22.559999,22.590000,22.426849,1378900
2016-07-08,22.780001,23.250000,22.780001,23.240000,23.072155,389400
2016-07-11,23.190001,23.389999,23.139999,23.360001,23.191290,498200
2016-07-12,23.549999,23.580000,23.350000,23.520000,23.350134,573300
2016-07-13,23.530001,23.530001,23.240000,23.340000,23.171432,305600
2016-07-14,23.850000,23.860001,23.610001,23.820000,23.647966,480200
2016-07-15,23.910000,23.940001,23.750000,23.780001,23.608257,241500
2016-07-18,23.799999,23.879999,23.639999,23.760000,23.588402,714900
2016-07-19,23.809999,23.809999,23.540001,23.610001,23.439484,311300
2016-07-20,23.910000,24.100000,23.740000,23.920000,23.747246,1110500
2016-07-21,23.850000,23.850000,23.660000,23.680000,23.508980,227800
2016-07-22,23.879999,24.059999,23.790001,24.010000,23.836596,791800
2016-07-25,24.190001,24.299999,23.940001,23.980000,23.806810,385900
2016-07-26,23.990000,24.120001,23.870001,24.110001,23.935873,351800
2016-07-27,24.250000,24.400000,24.090000,24.250000,24.074860,367100
2016-07-28,24.160000,24.320000,24.150000,24.200001,24.025225,381900
2016-07-29,24.080000,24.200001,23.980000,24.200001,24.025225,344000
2016-08-01,23.850000,23.950001,23.700001,23.910000,23.737316,1014100
2016-08-02,23.750000,23.900000,23.610001,23.709999,23.538759,558300
2016-08-03,23.480000,23.650000,23.299999,23.540001,23.369989,414900
2016-08-04,23.570000,23.700001,23.530001,23.690001,23.518908,167100
2016-08-05,23.980000,23.980000,23.799999,23.930000,23.757172,444600
2016-08-08,24.260000,24.410000,24.100000,24.240000,24.064932,638700
2016-08-09,24.330000,24.389999,24.139999,24.320000,24.144354,180500
2016-08-10,24.160000,24.280001,24.150000,24.160000,23.985510,277200
2016-08-11,24.290001,24.490000,24.250000,24.450001,24.273418,439800
2016-08-12,24.110001,24.290001,24.110001,24.170000,23.995440,372300
2016-08-15,24.650000,24.870001,24.500000,24.680000,24.501757,629200
2016-08-16,25.250000,25.370001,24.950001,25.100000,24.918722,1047400
2016-08-17,26.110001,26.250000,25.650000,26.209999,26.020704,973500
2016-08-18,26.320000,26.469999,26.250000,26.440001,26.249046,729800
2016-08-19,26.020000,26.190001,25.900000,26.170000,25.980995,557400
2016-08-22,26.260000,26.370001,26.150000,26.219999,26.030632,537000
2016-08-23,26.400000,26.450001,26.129999,26.170000,25.980995,398800
2016-08-24,25.969999,25.990000,25.780001,25.830000,25.643450,456200
2016-08-25,25.549999,25.760000,25.549999,25.719999,25.534243,279200
2016-08-26,25.940001,26.170000,25.700001,25.820000,25.633522,695500
2016-08-29,25.969999,26.070000,25.870001,26.010000,25.822149,413800
2016-08-30,26.370001,26.520000,26.250000,26.440001,26.249046,412400
2016-08-31,26.080000,26.170000,25.799999,25.889999,25.703018,374800
2016-09-01,26.200001,26.200001,25.930000,25.959999,25.772512,834100
2016-09-02,26.180000,26.290001,26.110001,26.250000,26.060417,450600
2016-09-06,27.650000,27.799999,27.549999,27.629999,27.430449,1026900
2016-09-07,27.670000,27.670000,27.320000,27.420000,27.221968,571000
2016-09-08,27.600000,27.750000,27.480000,27.600000,27.400667,902600
2016-09-09,27.500000,27.500000,26.959999,27.020000,26.824856,691100
2016-09-12,26.420000,27.160000,26.410000,27.120001,26.924131,880100
2016-09-13,26.840000,26.969999,26.410000,26.629999,26.437674,570700
2016-09-14,26.930000,27.080000,26.799999,26.809999,26.616371,345700
2016-09-15,27.570000,27.700001,27.450001,27.600000,27.400667,1933600
2016-09-16,27.590000,27.639999,27.350000,27.370001,27.172329,1029700
2016-09-19,27.180000,27.219999,27.040001,27.040001,26.844711,846900
2016-09-20,27.000000,27.059999,26.900000,26.900000,26.705723,1794900
2016-09-21,27.240000,27.440001,27.080000,27.430000,27.231895,2434100
2016-09-22,27.660000,27.870001,27.610001,27.850000,27.648863,1725100
2016-09-23,28.170000,28.240000,28.010000,28.059999,27.857344,1470300
2016-09-26,27.549999,27.600000,27.410000,27.440001,27.241823,948200
2016-09-27,27.719999,27.879999,27.549999,27.750000,27.549583,998500
2016-09-28,28.049999,28.190001,27.750000,28.129999,27.926838,1030200
2016-09-29,28.100000,28.150000,27.860001,27.860001,27.658791,1245000
2016-09-30,27.860001,27.900000,27.750000,27.879999,27.678644,1355400
2016-10-03,28.120001,28.120001,27.860001,27.950001,27.748140,620700
2016-10-04,28.139999,28.139999,27.760000,27.860001,27.658791,1033600
2016-10-05,28.230000,28.230000,27.860001,28.020000,27.817635,498100
2016-10-06,28.080000,28.090000,27.860001,27.930000,27.728285,848600
2016-10-07,27.910000,27.980000,27.680000,27.760000,27.559511,441900
2016-10-10,27.940001,28.100000,27.700001,28.010000,27.807707,432500
2016-10-11,27.850000,27.860001,27.450001,27.510000,27.311317,796300
2016-10-12,27.510000,27.600000,27.340000,27.350000,27.152475,603800
2016-10-13,27.010000,27.030001,26.760000,26.850000,26.656084,1031000
2016-10-14,27.080000,27.120001,26.969999,27.030001,26.834785,982600
2016-10-17,26.990000,27.139999,26.860001,26.959999,26.765287,701300
2016-10-18,27.320000,27.510000,27.139999,27.320000,27.122690,508300
2016-10-19,27.330000,27.480000,27.270000,27.330000,27.132616,561300
2016-10-20,27.670000,27.700001,27.410000,27.660000,27.460234,525600
2016-10-21,27.650000,27.670000,27.520000,27.620001,27.420525,527600
2016-10-24,27.840000,27.879999,27.700001,27.760000,27.559511,604000
2016-10-25,27.680000,27.840000,27.520000,27.600000,27.400667,616400
2016-10-26,27.420000,27.500000,27.240000,27.240000,27.043266,617900
2016-10-27,27.309999,27.379999,27.000000,27.010000,26.814926,357000
2016-10-28,26.750000,27.020000,26.600000,26.650000,26.457529,561100
2016-10-31,26.600000,26.680000,26.520000,26.530001,26.338396,631500
2016-11-01,26.740000,26.780001,26.340000,26.440001,26.249046,739900
2016-11-02,26.379999,26.450001,26.080000,26.170000,25.980995,1730500
2016-11-03,26.129999,26.160000,25.870001,25.940001,25.752657,1062900
2016-11-04,25.590000,26.650000,25.420000,25.490000,25.305906,804700
2016-11-07,26.299999,26.570000,26.020000,26.459999,26.268900,1520600
2016-11-08,26.510000,26.820000,26.469999,26.650000,26.457529,1123100
2016-11-09,26.320000,26.450001,26.040001,26.250000,26.060417,1182600
2016-11-10,26.750000,26.750000,26.100000,26.299999,26.110054,1409900
2016-11-11,25.400000,25.430000,25.129999,25.350000,25.166918,2093400
2016-11-14,24.770000,25.080000,24.400000,24.580000,24.402479,1306100
2016-11-15,24.730000,25.340000,24.660000,25.250000,25.067640,1668800
2016-11-16,25.139999,25.530001,24.500000,24.980000,24.799589,1073000
2016-11-17,25.020000,25.350000,24.980000,25.100000,24.918722,656700
2016-11-18,25.150000,25.260000,25.059999,25.230000,25.047781,575000
2016-11-21,24.950001,25.120001,24.930000,25.110001,24.928650,768900
2016-11-22,25.309999,25.340000,25.230000,25.280001,25.097422,607900
2016-11-23,24.900000,24.900000,24.799999,24.840000,24.660599,807000
2016-11-25,24.820000,25.110001,24.520000,24.799999,24.620888,545900
2016-11-28,24.959999,25.440001,24.950001,25.000000,24.819445,576900
2016-11-29,24.889999,25.389999,24.830000,25.000000,24.819445,1039100
2016-11-30,25.049999,25.139999,24.920000,24.940001,24.759878,751400
2016-12-01,25.010000,25.070000,24.660000,24.730000,24.551394,1230800
2016-12-02,24.520000,24.580000,24.270000,24.290001,24.114574,1386400
2016-12-05,24.459999,24.700001,24.280001,24.620001,24.442188,581500
2016-12-06,24.500000,24.660000,24.299999,24.350000,24.174137,960200
2016-12-07,24.620001,24.700001,24.379999,24.660000,24.481901,665100
2016-12-08,24.850000,24.850000,24.400000,24.450001,24.273418,739200
2016-12-09,24.490000,24.540001,24.250000,24.450001,24.273418,1208800
2016-12-12,23.930000,23.990000,23.770000,23.820000,23.647966,1164500
2016-12-13,23.930000,24.350000,23.900000,24.270000,24.094717,1326600
2016-12-14,24.219999,24.280001,23.850000,23.879999,23.707533,1359800
2016-12-15,23.680000,23.840000,23.510000,23.670000,23.499052,971900
2016-12-16,23.660000,23.719999,23.320000,23.410000,23.240929,785400
2016-12-19,23.440001,23.500000,23.250000,23.260000,23.092010,699100
2016-12-20,23.549999,23.600000,23.350000,23.510000,23.340206,1070000
2016-12-21,23.520000,23.590000,23.450001,23.549999,23.379915,787700
2016-12-22,23.309999,23.379999,23.090000,23.139999,22.972876,1169300
2016-12-23,23.170000,23.200001,23.000000,23.110001,22.943096,564700
2016-12-27,23.129999,23.180000,23.049999,23.170000,23.002663,487600
2016-12-28,23.650000,23.780001,23.490000,23.540001,23.369989,639500
2016-12-29,24.160000,24.430000,24.150000,24.360001,24.184069,806100
2016-12-30,24.500000,24.500000,24.160000,24.219999,24.045076,632900
2017-01-03,24.350000,24.540001,24.250000,24.450001,24.273418,802200
2017-01-04,24.480000,24.580000,24.350000,24.549999,24.372694,977800
2017-01-05,25.080000,25.180000,24.950001,25.080000,24.898869,805500
2017-01-06,25.330000,25.350000,25.059999,25.200001,25.018000,745600
2017-01-09,25.299999,25.299999,25.120001,25.280001,25.097422,455300
2017-01-10,25.350000,26.120001,25.219999,25.910000,25.722872,2412300
2017-01-11,26.010000,26.030001,25.879999,25.959999,25.772512,1066300
2017-01-12,25.780001,25.780001,25.559999,25.670000,25.484606,894700
2017-01-13,25.650000,25.980000,25.650000,25.799999,25.613667,248300
2017-01-17,25.650000,25.650000,25.500000,25.549999,25.365471,420800
2017-01-18,25.850000,25.900000,25.629999,25.730000,25.544172,490000
2017-01-19,25.750000,25.889999,25.500000,25.620001,25.434967,823800
2017-01-20,25.500000,25.600000,25.350000,25.450001,25.266197,694600
2017-01-23,25.480000,25.650000,25.400000,25.600000,25.415110,559600
2017-01-24,25.770000,25.980000,25.700001,25.760000,25.573956,829000
2017-01-25,25.879999,26.170000,25.879999,26.120001,25.931356,778400
2017-01-26,26.430000,26.559999,26.290001,26.510000,26.318539,882200
2017-01-27,26.360001,26.500000,26.280001,26.290001,26.100126,1245800
2017-01-30,26.250000,26.299999,26.090000,26.190001,26.000851,360100
2017-01-31,26.180000,26.250000,26.090000,26.190001,26.000851,391000
2017-02-01,26.799999,26.799999,26.360001,26.740000,26.546879,1132800
2017-02-02,26.500000,26.790001,26.500000,26.660000,26.467457,765900
2017-02-03,26.549999,26.629999,26.450001,26.570000,26.378105,451500
2017-02-06,26.570000,26.940001,26.500000,26.670000,26.477383,294100
2017-02-07,26.650000,26.650000,26.309999,26.360001,26.169622,358200
2017-02-08,26.250000,26.350000,26.160000,26.309999,26.119982,562000
2017-02-09,26.420000,26.500000,26.340000,26.480000,26.288754,352900
2017-02-10,26.180000,26.320000,26.150000,26.280001,26.090202,463200
2017-02-13,26.299999,26.389999,26.250000,26.330000,26.139841,491800
2017-02-14,26.240000,26.250000,26.030001,26.250000,26.060417,435500
2017-02-15,26.549999,26.780001,26.370001,26.730000,26.536949,988200
2017-02-16,27.150000,27.410000,26.900000,27.230000,27.033339,609700
2017-02-17,27.219999,27.340000,27.150000,27.330000,27.132616,329500
2017-02-21,27.120001,27.370001,27.059999,27.370001,27.172329,756000
2017-02-22,27.670000,27.700001,27.469999,27.480000,27.281534,1240000
2017-02-23,27.680000,27.809999,27.450001,27.500000,27.301388,915500
2017-02-24,27.139999,27.320000,26.959999,27.110001,26.914206,502600
2017-02-27,27.049999,27.100000,27.000000,27.080000,26.884422,272900
2017-02-28,26.700001,26.879999,26.510000,26.559999,26.368177,729900
2017-03-01,26.930000,27.000000,26.750000,26.930000,26.735506,727100
2017-03-02,26.650000,26.650000,26.469999,26.469999,26.278830,748700
2017-03-03,26.780001,26.920000,26.730000,26.760000,26.566734,605400
2017-03-06,26.830000,27.090000,26.799999,26.990000,26.795071,535500
2017-03-07,27.049999,27.360001,27.049999,27.280001,27.082979,839000
2017-03-08,27.400000,27.400000,27.150000,27.200001,27.003555,855700
2017-03-09,26.930000,27.020000,26.670000,26.830000,26.636229,1178700
2017-03-10,27.280001,27.420000,27.250000,27.379999,27.182255,563000
2017-03-13,27.730000,27.760000,27.620001,27.740000,27.539656,881600
2017-03-14,27.719999,27.719999,27.410000,27.510000,27.311317,851600
2017-03-15,27.530001,28.020000,27.480000,27.850000,27.648863,1791400
2017-03-16,28.500000,28.600000,28.450001,28.520000,28.314024,1250400
2017-03-17,28.600000,28.690001,28.559999,28.570000,28.363661,732100
2017-03-20,29.350000,29.610001,29.350000,29.559999,29.346510,1319800
2017-03-21,29.540001,29.620001,29.000000,29.120001,28.909689,1718400
2017-03-22,28.670000,29.040001,28.450001,28.889999,28.681349,1602700
2017-03-23,28.750000,28.930000,28.559999,28.870001,28.661495,953600
2017-03-24,28.990000,29.100000,28.940001,29.020000,28.810411,629800
2017-03-27,28.930000,29.150000,28.799999,29.070000,28.860048,934000
2017-03-28,29.100000,29.629999,29.100000,29.490000,29.277016,1174500
2017-03-29,29.520000,29.530001,29.330000,29.420000,29.207523,981300
2017-03-30,29.160000,29.200001,29.040001,29.080000,28.869978,663200
2017-03-31,29.000000,29.000000,28.770000,28.860001,28.651567,666000
2017-04-03,29.030001,29.160000,28.930000,29.059999,28.850121,856500
2017-04-04,29.000000,29.270000,29.000000,29.209999,28.999039,650700
2017-04-05,29.559999,29.610001,29.309999,29.389999,29.177736,1300900
2017-04-06,29.350000,29.520000,29.350000,29.520000,29.306801,907800
2017-04-07,29.370001,29.400000,29.190001,29.320000,29.108244,983200
2017-04-10,29.309999,29.309999,29.120001,29.200001,28.989113,616600
2017-04-11,29.110001,29.170000,28.860001,28.969999,28.760773,711200
2017-04-12,29.610001,29.850000,29.540001,29.570000,29.356438,1208400
2017-04-13,29.650000,29.780001,29.600000,29.629999,29.416004,379700
2017-04-17,29.750000,29.840000,29.549999,29.770000,29.554995,649800
2017-04-18,29.450001,29.450001,29.240000,29.379999,29.167809,727500
2017-04-19,29.540001,29.700001,29.370001,29.410000,29.197596,496500
2017-04-20,30.350000,30.700001,30.260000,30.680000,30.458426,1315700
2017-04-21,30.549999,30.600000,30.400000,30.480000,30.259867,818200
2017-04-24,30.799999,30.879999,30.680000,30.790001,30.567629,747800
2017-04-25,31.330000,31.410000,31.209999,31.370001,31.143442,1097800
2017-04-26,31.160000,31.200001,31.100000,31.129999,30.905172,918600
2017-04-27,31.480000,31.650000,31.350000,31.459999,31.232786,804600
2017-04-28,31.580000,31.580000,31.330000,31.350000,31.123583,962000
2017-05-01,31.410000,31.690001,31.410000,31.650000,31.421415,813500
2017-05-02,32.080002,32.080002,31.490000,31.920000,31.689466,1740400
2017-05-03,31.969999,31.990000,31.820000,31.860001,31.629900,936900
2017-05-04,31.389999,31.400000,31.100000,31.260000,31.034233,1486800
2017-05-05,31.320000,31.730000,31.260000,31.690001,31.461130,1222200
2017-05-08,31.480000,31.570000,31.450001,31.520000,31.292355,1105400
2017-05-09,32.310001,32.490002,32.240002,32.389999,32.156071,1441700
2017-05-10,32.290001,32.459999,32.290001,32.410000,32.175930,617500
2017-05-11,32.529999,32.740002,32.430000,32.740002,32.503548,936000
2017-05-12,33.279999,33.610001,33.250000,33.459999,33.218342,1581500
2017-05-15,33.450001,33.730000,33.410000,33.720001,33.476471,1955600
2017-05-16,33.459999,33.599998,33.360001,33.590000,33.347404,3047400
2017-05-17,33.950001,34.250000,33.299999,33.369999,33.206379,3194400
2017-05-18,34.000000,34.230000,33.689999,34.070000,33.902950,2525300
2017-05-19,34.840000,34.840000,34.630001,34.830002,34.659229,2130000
2017-05-22,35.720001,36.090000,35.250000,35.980000,35.803585,3275200
2017-05-23,35.619999,35.700001,35.360001,35.580002,35.405552,2498800
2017-05-24,35.290001,35.299999,34.970001,35.060001,34.888100,1684200
2017-05-25,35.430000,35.770000,35.360001,35.700001,35.524963,1517200
2017-05-26,35.599998,35.669998,35.459999,35.570000,35.395599,1088400
2017-05-30,35.230000,35.400002,35.099998,35.369999,35.196579,1218700
2017-05-31,34.669998,34.669998,34.200001,34.450001,34.281090,1809500
2017-06-01,34.720001,35.040001,34.639999,35.000000,34.828392,1626100
2017-06-02,34.730000,35.000000,34.730000,34.910000,34.738831,1731000
2017-06-05,34.950001,35.029999,34.880001,34.950001,34.778637,1678700
2017-06-06,35.320000,35.349998,35.110001,35.200001,35.027412,1183600
2017-06-07,35.070000,35.070000,34.849998,35.009998,34.838341,1578000
2017-06-08,35.689999,35.790001,35.349998,35.619999,35.445351,2994500
2017-06-09,35.849998,35.990002,34.849998,34.900002,34.728886,6065900
2017-06-12,34.700001,34.700001,33.650002,34.529999,34.360691,2468200
2017-06-13,35.099998,35.099998,34.730000,34.869999,34.699028,1877500
2017-06-14,35.599998,35.820000,35.380001,35.459999,35.286133,1893300
2017-06-15,35.090000,35.099998,34.410000,34.810001,34.639324,2674600
2017-06-16,35.049999,35.099998,34.820000,34.980000,34.808487,847700
2017-06-19,35.759998,36.049999,35.599998,36.049999,35.873241,1811900
2017-06-20,35.980000,36.080002,35.799999,35.900002,35.723984,1619900
2017-06-21,35.910000,35.959999,35.810001,35.950001,35.773735,1232600
2017-06-22,36.220001,36.450001,35.970001,36.330002,36.151871,1956000
2017-06-23,36.099998,36.200001,35.930000,36.020000,35.843388,1943300
2017-06-26,36.549999,36.730000,36.419998,36.540001,36.360844,1689400
2017-06-27,36.980000,37.070000,36.689999,36.720001,36.539959,2289600
2017-06-28,36.330002,36.959999,36.320000,36.959999,36.778782,1999400
2017-06-29,36.330002,36.419998,35.590000,35.830002,35.654324,3481000
2017-06-30,35.770000,36.070000,35.750000,35.959999,35.783684,4438600
2017-07-03,36.049999,36.049999,35.689999,35.709999,35.534908,880700
2017-07-05,34.820000,34.990002,34.540001,34.980000,34.808487,2664000
2017-07-06,34.779999,34.779999,34.259998,34.279999,34.111919,2265200
2017-07-07,34.459999,34.740002,34.410000,34.660000,34.490055,1403300
2017-07-10,34.810001,35.080002,34.759998,35.049999,34.878147,1054200
2017-07-11,35.740002,35.880001,35.599998,35.830002,35.654324,1196700
2017-07-12,36.240002,36.700001,36.200001,36.630001,36.450401,1625000
2017-07-13,36.580002,36.590000,36.240002,36.270000,36.092167,2026700
2017-07-14,36.779999,37.200001,36.549999,37.060001,36.878296,1895300
2017-07-17,36.680000,36.849998,36.639999,36.770000,36.589714,1975500
2017-07-18,36.840000,37.160000,36.570000,37.080002,36.898197,1840100
2017-07-19,38.299999,38.599998,38.250000,38.450001,38.261478,2293100
2017-07-20,38.259998,38.340000,37.959999,38.160000,37.972897,1391400
2017-07-21,38.040001,38.259998,37.980000,38.189999,38.002750,1624700
2017-07-24,38.820000,39.020000,38.700001,38.980000,38.788876,1282000
2017-07-25,38.849998,38.939999,38.720001,38.820000,38.629662,1548600
2017-07-26,38.750000,38.930000,38.549999,38.849998,38.659512,1617500
2017-07-27,39.770000,39.770000,38.700001,38.990002,38.798832,1680300
2017-07-28,39.209999,39.500000,39.000000,39.369999,39.176968,1019100
2017-07-31,40.049999,40.220001,39.790001,39.959999,39.764072,1566900
2017-08-01,40.200001,40.490002,40.200001,40.410000,40.211864,1764300
2017-08-02,40.299999,40.299999,39.570000,39.779999,39.584953,2153200
2017-08-03,39.549999,39.639999,39.230000,39.419998,39.226719,1439700
2017-08-04,39.910000,39.930000,39.599998,39.840000,39.644665,893400
2017-08-07,40.990002,41.189999,40.860001,41.080002,40.878582,1790900
2017-08-08,42.070000,42.340000,41.860001,42.119999,41.913479,2813400
2017-08-09,42.009998,42.349998,41.810001,42.310001,42.102551,1576300
2017-08-10,41.790001,41.799999,40.509998,40.610001,40.410885,2748500
2017-08-11,39.130001,40.020000,38.639999,40.009998,39.813828,2915700
2017-08-14,41.220001,41.779999,41.220001,41.639999,41.435837,2033600
2017-08-15,41.000000,41.000000,40.570000,40.860001,40.659660,1979600
2017-08-16,42.980000,43.900002,42.959999,43.360001,43.147400,3834000
2017-08-17,42.110001,42.380001,41.980000,41.990002,41.784119,3189100
2017-08-18,41.799999,42.099998,41.500000,41.889999,41.684605,2202000
2017-08-21,41.860001,42.049999,41.720001,41.980000,41.774166,1551600
2017-08-22,41.689999,42.320000,41.669998,42.299999,42.092598,2721900
2017-08-23,42.180000,43.189999,42.110001,42.869999,42.659801,2894800
2017-08-24,42.230000,42.400002,42.049999,42.209999,42.003036,2697300
2017-08-25,42.279999,42.349998,41.990002,42.060001,41.853779,2343200
2017-08-28,41.650002,41.680000,41.299999,41.419998,41.216911,1974900
2017-08-29,40.799999,41.279999,40.660000,41.130001,40.928341,1914200
2017-08-30,41.950001,42.040001,41.450001,41.930000,41.724415,1992200
2017-08-31,42.110001,42.360001,42.099998,42.330002,42.122456,1671200
2017-09-01,41.869999,42.029999,41.779999,42.000000,41.794071,2130100
2017-09-05,41.270000,41.389999,40.759998,40.930000,40.729317,2465700
2017-09-06,41.639999,41.770000,41.400002,41.759998,41.555244,1277300
2017-09-07,41.250000,41.549999,41.160000,41.400002,41.197014,1343500
2017-09-08,41.330002,41.400002,40.820000,40.820000,40.619854,1271100
2017-09-11,42.369999,42.750000,42.259998,42.720001,42.510540,1554600
2017-09-12,42.820000,43.020000,42.720001,42.959999,42.749359,1881500
2017-09-13,42.799999,42.799999,42.610001,42.680000,42.470734,1383400
2017-09-14,42.980000,43.110001,42.830002,42.990002,42.779217,1399500
2017-09-15,43.369999,43.730000,43.200001,43.660000,43.445930,1165900
2017-09-18,44.439999,44.709999,44.250000,44.689999,44.470882,2679600
2017-09-19,44.299999,44.419998,44.060001,44.169998,43.953426,2051900
2017-09-20,44.360001,44.619999,43.950001,44.299999,44.082790,1686400
2017-09-21,44.639999,44.660000,44.130001,44.150002,43.933529,1664100
2017-09-22,44.220001,44.430000,44.150002,44.410000,44.192253,1007000
2017-09-25,43.720001,43.750000,42.599998,42.720001,42.510540,3033000
2017-09-26,43.000000,43.389999,42.970001,43.240002,43.027992,2066900
2017-09-27,43.580002,43.599998,42.919998,43.290001,43.077747,1838500
2017-09-28,42.630001,42.980000,42.570000,42.750000,42.540394,1282400
2017-09-29,43.020000,43.990002,43.000000,43.919998,43.704651,1609600
2017-10-02,44.080002,44.439999,44.009998,44.029999,43.814114,1895400
2017-10-03,44.709999,45.049999,44.509998,44.990002,44.769409,1677300
2017-10-04,44.810001,45.000000,44.500000,44.900002,44.679852,1569400
2017-10-05,45.090000,45.540001,44.959999,45.430000,45.207253,1380900
2017-10-06,45.189999,45.270000,44.799999,45.180000,44.958477,1441600
2017-10-09,45.029999,45.139999,44.950001,44.990002,44.769409,1345800
2017-10-10,45.259998,45.299999,45.110001,45.250000,45.028137,1473300
2017-10-11,45.279999,45.450001,45.060001,45.369999,45.147545,1766400
2017-10-12,45.099998,45.099998,44.700001,44.709999,44.490780,1599600
2017-10-13,45.200001,45.419998,44.950001,45.090000,44.868919,3213700
2017-10-16,45.509998,45.799999,45.450001,45.580002,45.356522,1489000
2017-10-17,45.500000,45.549999,45.139999,45.189999,44.968426,1304800
2017-10-18,45.590000,45.730000,45.340000,45.689999,45.465977,1186000
2017-10-19,44.680000,44.840000,44.480000,44.790001,44.570393,1620100
2017-10-20,45.009998,45.009998,44.740002,44.919998,44.699749,1316200
2017-10-23,44.849998,44.889999,44.500000,44.560001,44.341522,894200
2017-10-24,44.799999,44.849998,44.599998,44.700001,44.480831,760600
2017-10-25,45.119999,45.230000,44.450001,44.759998,44.540535,2540400
2017-10-26,44.750000,44.799999,44.500000,44.509998,44.291763,1061600
2017-10-27,44.669998,45.480000,44.459999,45.320000,45.097790,2560900
2017-10-30,44.840000,45.060001,44.770000,45.040001,44.819164,1416300
2017-10-31,45.070000,45.160000,44.880001,45.049999,44.829113,1385600
2017-11-01,46.250000,46.299999,46.020000,46.049999,45.824211,1890400
2017-11-02,46.590000,46.610001,46.110001,46.540001,46.311813,1832500
2017-11-03,47.310001,47.430000,46.900002,47.250000,47.018330,1522500
2017-11-06,48.459999,49.000000,48.459999,48.880001,48.640335,2039900
2017-11-07,50.599998,50.599998,49.740002,49.759998,49.516018,2827600
2017-11-08,49.639999,49.849998,49.470001,49.770000,49.525970,1527500
2017-11-09,49.639999,49.639999,48.869999,49.369999,49.127934,2467100
2017-11-10,49.480000,49.880001,49.310001,49.840000,49.595631,1599300
2017-11-13,49.700001,50.290001,49.599998,50.160000,49.914063,2118200
2017-11-14,49.919998,49.919998,48.950001,49.099998,48.859257,3554000
2017-11-15,50.360001,50.480000,49.720001,50.169998,49.924007,3109200
2017-11-16,50.709999,51.480000,50.619999,51.200001,50.948959,4109700
2017-11-17,52.020000,52.630001,52.009998,52.299999,52.043568,4322500
2017-11-20,54.299999,54.770000,52.639999,54.360001,54.093468,4545800
2017-11-21,55.910000,56.049999,55.750000,55.900002,55.625919,5301600
2017-11-22,55.240002,55.240002,54.509998,54.889999,54.620865,4043000
2017-11-24,54.139999,54.139999,53.610001,53.730000,53.466557,2679100
2017-11-27,53.200001,53.250000,52.919998,53.000000,52.740135,3804400
2017-11-28,54.040001,54.270000,53.869999,54.150002,53.884499,3584500
2017-11-29,52.930000,52.939999,51.349998,52.000000,51.745037,5081900
2017-11-30,51.400002,51.480000,51.000000,51.180000,50.929062,2931600
2017-12-01,49.290001,49.380001,48.380001,49.029999,48.789600,5799100
2017-12-04,50.049999,50.180000,48.799999,48.840000,48.600533,4872500
2017-12-05,48.000000,48.759998,47.799999,48.020000,47.784554,4876000
2017-12-06,46.930000,47.959999,46.790001,47.630001,47.396465,7116900
2017-12-07,48.500000,48.700001,48.209999,48.599998,48.361706,4462500
2017-12-08,50.779999,50.779999,50.439999,50.480000,50.232491,4752000
2017-12-11,51.830002,52.290001,51.820000,52.130001,51.874401,2827600
2017-12-12,50.509998,50.599998,50.000000,50.490002,50.242443,3240300
2017-12-13,50.950001,51.419998,50.900002,51.250000,50.998714,3284300
2017-12-14,50.910000,50.910000,50.500000,50.540001,50.292198,2887900
2017-12-15,50.139999,50.500000,49.849998,50.310001,50.063324,3209500
2017-12-18,50.849998,51.200001,50.750000,51.099998,50.849449,2974500
2017-12-19,51.320000,51.369999,50.529999,50.869999,50.620579,2062300
2017-12-20,51.040001,51.080002,50.400002,50.650002,50.401661,1622500
2017-12-21,51.540001,52.040001,51.419998,51.849998,51.595772,2723500
2017-12-22,51.990002,52.270000,51.599998,52.220001,51.963959,1723300
2017-12-26,52.299999,52.380001,52.000000,52.049999,51.794792,1291000
2017-12-27,51.430000,51.830002,51.410000,51.529999,51.277340,1704000
2017-12-28,52.380001,52.400002,51.790001,51.900002,51.645531,1742700
2017-12-29,52.200001,52.200001,51.779999,51.919998,51.665432,1646500
2018-01-02,53.770000,54.500000,52.990002,54.500000,54.232780,2411200
2018-01-03,54.509998,54.810001,54.500000,54.790001,54.521362,2988400
2018-01-04,55.430000,55.680000,55.270000,55.540001,55.267681,3059100
2018-01-05,55.520000,55.880001,55.500000,55.869999,55.596062,2837100
2018-01-08,56.270000,56.599998,55.950001,56.470001,56.193119,2915400
2018-01-09,57.020000,57.209999,56.650002,57.060001,56.780231,3178700
2018-01-10,56.290001,56.299999,55.770000,56.020000,55.745331,2633200
2018-01-11,55.099998,55.369999,54.900002,55.349998,55.078613,2286100
2018-01-12,56.660000,57.000000,56.410000,56.919998,56.640915,2107500
2018-01-16,57.130001,57.500000,56.340000,56.400002,56.123466,3833000
2018-01-17,57.610001,57.970001,57.119999,57.919998,57.636009,2480400
2018-01-18,57.509998,57.560001,57.119999,57.419998,57.138466,2572400
2018-01-19,58.029999,58.200001,57.759998,58.200001,57.914642,2107400
2018-01-22,59.029999,59.560001,58.900002,59.480000,59.188362,3198900
2018-01-23,60.700001,60.849998,60.509998,60.849998,60.551643,3928200
2018-01-24,60.470001,60.770000,59.619999,60.099998,59.805321,4159200
2018-01-25,59.279999,59.540001,58.660000,59.040001,58.750523,4178600
2018-01-26,60.509998,61.000000,60.240002,60.959999,60.661106,2570900
2018-01-29,60.310001,60.310001,59.500000,59.820000,59.526699,4327300
2018-01-30,58.480000,58.720001,57.810001,58.430000,58.143513,5398100
2018-01-31,59.480000,59.790001,58.720001,59.169998,58.879883,2631900
2018-02-01,58.240002,58.470001,57.860001,57.910000,57.626060,3531100
2018-02-02,57.150002,57.200001,55.750000,55.799999,55.526405,5099500
2018-02-05,55.669998,56.540001,53.790001,54.000000,53.735233,6110700
2018-02-06,52.150002,55.570000,52.000000,55.209999,54.939301,9918400
2018-02-07,53.700001,54.480000,53.250000,53.400002,53.138176,6263600
2018-02-08,54.049999,54.049999,51.279999,51.299999,51.048473,7279100
2018-02-09,51.610001,52.700001,49.830002,52.200001,51.944061,7757100
2018-02-12,53.099998,54.029999,52.700001,53.549999,53.287437,4801400
2018-02-13,53.939999,54.869999,53.750000,54.799999,54.531307,3335300
2018-02-14,54.799999,56.980000,54.720001,56.580002,56.302582,5175700
2018-02-15,58.549999,59.180000,57.299999,58.619999,58.332581,4495400
2018-02-16,58.240002,58.930000,57.900002,58.220001,57.934547,2692700
2018-02-20,57.070000,57.869999,56.880001,57.470001,57.188221,3237400
2018-02-21,58.939999,59.439999,58.099998,58.099998,57.815128,2950500
2018-02-22,57.869999,58.430000,57.509998,57.630001,57.347435,2729600
2018-02-23,58.160000,58.599998,57.970001,58.549999,58.262920,1612600
2018-02-26,58.029999,58.709999,57.810001,58.560001,58.272873,2344600
2018-02-27,57.009998,57.230000,56.099998,56.150002,55.874691,2818100
2018-02-28,55.380001,55.720001,54.750000,54.889999,54.620865,2999600
2018-03-01,56.779999,56.799999,55.000000,55.750000,55.476654,3404800
2018-03-02,54.259998,55.950001,54.020000,55.889999,55.615963,2872900
2018-03-05,54.419998,55.799999,54.360001,55.599998,55.327385,3379600
2018-03-06,56.750000,56.770000,56.000000,56.290001,56.014004,2648500
2018-03-07,55.950001,56.470001,55.549999,56.299999,56.023956,2806400
2018-03-08,56.689999,56.919998,56.250000,56.610001,56.332436,1491500
2018-03-09,57.509998,58.169998,57.290001,58.169998,57.884785,2947500
2018-03-12,58.669998,58.830002,58.139999,58.660000,58.372383,2627400
2018-03-13,59.320000,59.320000,57.570000,57.830002,57.546455,3037700
2018-03-14,59.110001,59.169998,58.160000,58.650002,58.362431,2658600
2018-03-15,59.549999,60.000000,59.310001,59.730000,59.437138,3607300
2018-03-16,59.279999,59.389999,58.959999,59.270000,58.979393,3773000
2018-03-19,58.549999,58.599998,57.610001,58.250000,57.964394,4057000
2018-03-20,59.590000,59.840000,59.410000,59.680000,59.387383,4025500
2018-03-21,58.189999,58.290001,57.349998,57.889999,57.606159,6467300
2018-03-22,53.560001,53.580002,51.590000,51.689999,51.436558,27203300
2018-03-23,53.630001,53.799999,52.279999,52.389999,52.133125,9625400
2018-03-26,54.430000,55.480000,53.759998,55.259998,54.989052,7169400
2018-03-27,55.360001,55.500000,53.310001,53.650002,53.386948,5481300
2018-03-28,52.540001,52.759998,51.900002,52.680000,52.421707,7811000
2018-03-29,52.430000,53.560001,52.110001,53.290001,53.028713,4925900
2018-04-02,52.919998,52.919998,51.020000,51.410000,51.157932,5505700
2018-04-03,52.189999,52.450001,51.689999,52.240002,51.983864,3736800
2018-04-04,50.400002,52.619999,50.349998,52.619999,52.361996,6980200
2018-04-05,52.919998,53.150002,52.480000,52.610001,52.352051,5849700
2018-04-06,51.790001,52.450001,50.959999,51.259998,51.008663,3260700
2018-04-09,52.250000,52.759998,51.680000,52.020000,51.764938,3744600
2018-04-10,53.139999,53.700001,52.950001,53.549999,53.287437,7083000
2018-04-11,53.259998,53.689999,53.040001,53.150002,52.889400,4010200
2018-04-12,52.820000,53.490002,52.779999,53.320000,53.058567,5352100
2018-04-13,52.349998,52.470001,51.400002,51.639999,51.386803,3743400
2018-04-16,51.560001,51.560001,51.029999,51.400002,51.147984,2888400
2018-04-17,50.970001,51.900002,50.900002,51.790001,51.536068,5305900
2018-04-18,51.290001,51.740002,51.060001,51.470001,51.217636,3168300
2018-04-19,51.730000,51.740002,51.110001,51.389999,51.138031,1996700
2018-04-20,51.040001,51.060001,50.360001,50.509998,50.262341,2961000
2018-04-23,50.520000,50.840000,50.200001,50.430000,50.182739,2734300
2018-04-24,50.759998,50.889999,49.380001,49.770000,49.525970,4181100
2018-04-25,49.150002,50.000000,48.509998,49.099998,48.859257,4419800
2018-04-26,48.980000,49.490002,48.880001,49.439999,49.197586,3994600
2018-04-27,49.680000,49.700001,48.900002,49.480000,49.237392,2941800
2018-04-30,49.880001,49.880001,49.099998,49.130001,48.889111,2155400
2018-05-01,49.080002,49.290001,48.470001,49.250000,49.008522,3687000
2018-05-02,50.040001,50.040001,49.320000,49.509998,49.267246,3260200
2018-05-03,48.950001,49.090000,47.880001,48.919998,48.680138,5208400
2018-05-04,48.689999,49.860001,48.410000,49.610001,49.366756,3416500
2018-05-07,48.430000,48.930000,48.340000,48.910000,48.670189,7049400
2018-05-08,49.860001,50.029999,49.299999,49.970001,49.724995,3056000
2018-05-09,50.509998,50.660000,50.049999,50.590000,50.341953,2706000
2018-05-10,52.000000,52.959999,51.869999,52.709999,52.451557,6335600
2018-05-11,52.570000,52.680000,52.009998,52.410000,52.153030,2451900
2018-05-14,52.599998,52.830002,52.220001,52.349998,52.093319,4901900
2018-05-15,50.299999,50.439999,49.910000,50.360001,50.113079,4293600
2018-05-16,52.709999,54.360001,52.709999,53.799999,53.536213,9869300
2018-05-17,52.610001,53.250000,52.520000,52.650002,52.501289,5623300
2018-05-18,52.060001,52.230000,51.700001,52.220001,52.072506,3836800
2018-05-21,52.320000,52.680000,52.000000,52.650002,52.501289,4268600
2018-05-22,52.849998,53.080002,52.099998,52.139999,51.992733,4469400
2018-05-23,52.000000,52.650002,51.650002,52.540001,52.391602,3111400
2018-05-24,52.080002,52.200001,51.290001,51.830002,51.683609,2602200
2018-05-25,51.660000,51.900002,51.310001,51.889999,51.743435,3030900
2018-05-29,51.380001,51.630001,50.500000,50.950001,50.806091,3976400
2018-05-30,50.410000,51.000000,50.299999,50.869999,50.726318,4333300
2018-05-31,50.880001,51.400002,50.529999,51.070000,50.925755,3982600
2018-06-01,51.740002,52.509998,51.650002,52.320000,52.172222,5390600
2018-06-04,52.930000,53.470001,52.919998,53.279999,53.129509,3788800
2018-06-05,53.709999,53.990002,53.500000,53.840000,53.687931,3717200
2018-06-06,54.349998,54.730000,54.110001,54.669998,54.515583,4025400
2018-06-07,54.770000,54.840000,53.549999,53.950001,53.797619,4322400
2018-06-08,52.990002,53.669998,52.799999,53.599998,53.448605,5313500
2018-06-11,53.150002,53.660000,53.150002,53.610001,53.458580,2475700
2018-06-12,53.439999,53.439999,53.009998,53.299999,53.149452,3066300
2018-06-13,53.230000,53.240002,52.580002,52.740002,52.591038,4876600
2018-06-14,52.810001,52.910000,52.520000,52.900002,52.750584,4170900
2018-06-15,52.230000,52.470001,51.599998,52.400002,52.251999,3471300
2018-06-18,51.689999,51.700001,51.110001,51.610001,51.464230,3749500
2018-06-19,50.369999,50.930000,50.150002,50.820000,50.676460,6168600
2018-06-20,51.150002,51.250000,50.700001,50.810001,50.666489,3262600
2018-06-21,50.750000,50.750000,49.860001,49.930000,49.788971,5418200
2018-06-22,51.000000,51.000000,50.310001,50.450001,50.307503,3083000
2018-06-25,49.650002,49.650002,48.340000,48.790001,48.652195,8402200
2018-06-26,49.169998,49.180000,48.560001,48.959999,48.821709,5701100
2018-06-27,48.820000,48.939999,47.610001,47.830002,47.694908,6211400
2018-06-28,48.139999,49.000000,48.000000,48.950001,48.811745,6826400
2018-06-29,50.180000,50.549999,50.150002,50.250000,50.108067,6186600
2018-07-02,49.349998,49.599998,49.119999,49.599998,49.459900,2408300
2018-07-03,50.000000,50.090000,49.410000,49.470001,49.330273,1287400
2018-07-05,49.500000,49.590000,48.849998,49.500000,49.360188,3099700
2018-07-06,49.330002,50.200001,49.119999,49.779999,49.639397,2576500
2018-07-09,50.759998,50.990002,50.590000,50.950001,50.806091,3175000
2018-07-10,49.340000,49.540001,48.990002,49.230000,49.090946,6785600
2018-07-11,48.040001,48.689999,48.000000,48.209999,48.073833,3976200
2018-07-12,48.770000,49.000000,48.500000,48.939999,48.801769,5567800
2018-07-13,48.520000,48.830002,48.299999,48.720001,48.582394,3136200
2018-07-16,48.599998,48.599998,48.200001,48.439999,48.303181,2550700
2018-07-17,48.029999,48.639999,47.950001,48.450001,48.313152,3251600
2018-07-18,48.180000,48.599998,48.110001,48.509998,48.372982,4554500
2018-07-19,47.939999,48.009998,45.880001,47.619999,47.485497,3247800
2018-07-20,47.950001,48.430000,47.869999,48.200001,48.063862,4347900
2018-07-23,47.400002,47.529999,47.150002,47.410000,47.276093,3536400
2018-07-24,48.189999,48.680000,48.009998,48.320000,48.183517,5455700
2018-07-25,48.540001,49.250000,48.330002,49.110001,48.971291,3011600
2018-07-26,47.779999,48.000000,47.500000,47.599998,47.465553,4147600
2018-07-27,47.529999,47.650002,46.900002,47.020000,46.887192,3693000
2018-07-30,47.000000,47.419998,45.919998,46.000000,45.870071,5735000
2018-07-31,45.450001,46.040001,45.259998,45.700001,45.570923,6370200
2018-08-01,45.230000,45.590000,45.049999,45.450001,45.321625,4591200
2018-08-02,43.939999,44.490002,43.820000,44.369999,44.244678,8409800
2018-08-03,44.770000,45.369999,44.759998,45.240002,45.112221,5918600
2018-08-06,45.160000,45.340000,44.950001,45.139999,45.012501,3596500
2018-08-07,45.980000,46.070000,45.650002,45.830002,45.700554,4553900
2018-08-08,46.330002,46.500000,45.950001,46.410000,46.278915,5095400
2018-08-09,47.730000,47.880001,47.500000,47.549999,47.415695,6609100
2018-08-10,47.000000,47.150002,46.750000,47.049999,46.917107,5724700
2018-08-13,46.500000,46.540001,45.669998,45.750000,45.620781,5048200
2018-08-14,44.430000,44.470001,44.099998,44.200001,44.075157,8239100
2018-08-15,40.000000,41.700001,39.799999,41.250000,41.133488,26774300
2018-08-16,41.599998,42.689999,41.599998,42.689999,42.569420,11702300
2018-08-17,42.770000,44.500000,42.480000,44.130001,44.005356,10522600
2018-08-20,44.900002,44.900002,44.369999,44.680000,44.553802,5668600
2018-08-21,44.849998,45.410000,44.840000,45.189999,45.062359,8162400
2018-08-22,46.000000,46.310001,45.770000,46.110001,45.979763,6116500
2018-08-23,46.240002,46.360001,44.799999,44.849998,44.723320,7584600
2018-08-24,45.509998,45.959999,45.389999,45.820000,45.690578,5538500
2018-08-27,46.310001,46.849998,46.259998,46.470001,46.338745,6589200
2018-08-28,46.689999,46.720001,46.200001,46.380001,46.249001,2897700
2018-08-29,45.840000,46.250000,45.650002,46.200001,46.069508,3312700
2018-08-30,45.439999,45.450001,42.500000,42.980000,42.858604,16532000
2018-08-31,43.090000,43.150002,42.279999,43.139999,43.018150,8848800
2018-09-04,42.630001,42.700001,41.820000,42.070000,41.951172,7326400
2018-09-05,41.009998,41.990002,40.340000,40.419998,40.305832,14577100
2018-09-06,40.160000,40.560001,39.860001,40.509998,40.395576,6836700
2018-09-07,40.029999,40.950001,39.939999,40.450001,40.335751,5383200
2018-09-10,40.189999,40.200001,38.980000,39.279999,39.169052,7539700
2018-09-11,38.840000,40.090000,38.549999,39.990002,39.877048,7561800
2018-09-12,39.340000,40.250000,38.970001,39.830002,39.717503,7035600
2018-09-13,42.160000,42.500000,41.650002,41.950001,41.831512,7741000
2018-09-14,42.000000,42.040001,40.869999,41.349998,41.233204,5039300
2018-09-17,40.750000,40.939999,40.349998,40.430000,40.315807,2885200
2018-09-18,40.630001,41.049999,40.549999,41.040001,40.924084,3043500
2018-09-19,41.169998,41.950001,41.160000,41.830002,41.711853,4734500
2018-09-20,41.840000,42.119999,41.709999,41.990002,41.871399,5233400
2018-09-21,43.070000,43.230000,42.660000,42.770000,42.649197,5876700
2018-09-24,42.150002,42.169998,41.619999,41.790001,41.671967,2364200
2018-09-25,42.150002,42.340000,41.880001,42.180000,42.060863,2591900
2018-09-26,42.200001,42.639999,41.990002,42.029999,41.911285,4269100
2018-09-27,41.790001,41.790001,41.389999,41.540001,41.422672,4430100
2018-09-28,41.000000,41.150002,40.630001,40.840000,40.724648,4068600
2018-10-01,41.040001,41.360001,40.900002,41.160000,41.043743,2820400
2018-10-02,40.500000,40.500000,40.000000,40.230000,40.116367,4038000
2018-10-03,40.500000,40.599998,39.810001,39.930000,39.817219,3943300
2018-10-04,39.580002,39.580002,38.419998,38.619999,38.510918,6321800
2018-10-05,38.750000,38.980000,38.139999,38.930000,38.820042,5033900
2018-10-08,37.990002,38.599998,37.759998,38.500000,38.391258,4614400
2018-10-09,37.639999,37.669998,37.000000,37.049999,36.945351,8261600
2018-10-10,36.299999,36.299999,35.180000,35.400002,35.300014,11682900
2018-10-11,34.270000,35.650002,34.259998,35.049999,34.951000,14372100
2018-10-12,37.500000,37.910000,36.799999,37.869999,37.763035,6899400
2018-10-15,36.270000,36.630001,35.869999,36.150002,36.047897,4890500
2018-10-16,36.270000,37.270000,36.080002,37.150002,37.045071,4229800
2018-10-17,36.980000,36.980000,36.119999,36.459999,36.357018,2745300
2018-10-18,35.700001,35.779999,34.779999,35.009998,34.911110,6378000
2018-10-19,36.189999,36.349998,35.509998,35.720001,35.619110,3590300
2018-10-22,37.240002,37.480000,36.799999,37.299999,37.194645,3585400
2018-10-23,35.099998,36.570000,35.000000,36.099998,35.998035,7775600
2018-10-24,35.299999,35.330002,34.049999,34.049999,33.953823,6904600
2018-10-25,34.310001,34.980000,34.150002,34.939999,34.841312,5014500
2018-10-26,33.070000,33.630001,32.680000,33.119999,33.026451,9837200
2018-10-29,33.240002,33.290001,31.730000,32.150002,32.059193,10730900
2018-10-30,31.790001,32.400002,31.540001,32.349998,32.258625,5641800
2018-10-31,34.099998,34.560001,32.509998,34.330002,34.233036,7051500
2018-11-01,35.689999,37.230000,35.250000,37.180000,37.074986,11069400
2018-11-02,38.689999,38.740002,37.180000,37.849998,37.743092,8930700
2018-11-05,37.500000,38.080002,37.450001,37.820000,37.713177,6735700
2018-11-06,37.099998,37.869999,37.009998,37.400002,37.294369,4414600
2018-11-07,38.220001,38.680000,37.980000,38.650002,38.540833,5928700
2018-11-08,37.349998,37.369999,36.299999,36.500000,36.396904,7969100
2018-11-09,35.279999,35.290001,34.259998,34.820000,34.721649,8848100
2018-11-12,34.290001,34.320000,33.400002,33.730000,33.634731,4188900
2018-11-13,34.750000,35.930000,34.450001,35.099998,35.000858,6534200
2018-11-14,36.709999,37.220001,36.459999,36.599998,36.496624,9505300
2018-11-15,36.650002,37.660000,36.509998,37.630001,37.523716,5070900
2018-11-16,37.070000,37.730000,36.950001,37.470001,37.364166,3011200
2018-11-19,37.099998,37.320000,36.259998,36.480000,36.376961,4382200
2018-11-20,34.869999,36.049999,34.299999,35.529999,35.429646,4423400
2018-11-21,37.700001,37.750000,36.810001,37.150002,37.045071,3188600
2018-11-23,37.029999,37.279999,36.880001,37.029999,36.925411,794500
2018-11-26,38.560001,38.680000,38.240002,38.299999,38.191822,3587900
2018-11-27,38.580002,39.020000,38.279999,38.840000,38.730297,3010600
2018-11-28,40.279999,41.099998,38.840000,41.020000,40.904140,6287100
2018-11-29,39.799999,40.119999,39.209999,39.720001,39.607811,5179200
2018-11-30,40.139999,40.139999,39.349998,40.080002,39.966797,3858500
2018-12-03,42.389999,42.639999,41.349998,41.459999,41.342896,6944400
2018-12-04,41.950001,42.110001,40.259998,40.599998,40.485321,5935900
2018-12-06,38.700001,39.450001,38.070000,39.410000,39.298687,5508700
2018-12-07,40.119999,40.630001,39.520000,39.680000,39.567924,8242100
2018-12-10,39.049999,39.869999,38.259998,39.150002,39.039425,6641100
2018-12-11,40.299999,40.380001,39.520000,40.029999,39.916935,3944000
2018-12-12,41.060001,41.360001,40.500000,40.500000,40.385605,4802100
2018-12-13,40.410000,40.540001,39.849998,40.189999,40.076481,4015800
2018-12-14,39.680000,39.919998,39.099998,39.450001,39.338573,4190200
2018-12-17,39.290001,39.299999,38.230000,38.259998,38.151932,5361000
2018-12-18,38.740002,38.889999,38.180000,38.410000,38.301514,3104800
2018-12-19,38.599998,39.099998,37.369999,37.900002,37.792953,4614200
2018-12-20,38.400002,39.169998,37.900002,38.240002,38.131992,5663000
2018-12-21,40.279999,40.599998,39.330002,39.540001,39.428318,9151500
2018-12-24,38.869999,39.380001,38.799999,38.900002,38.790127,2329700
2018-12-26,39.200001,39.980000,38.299999,39.980000,39.867077,4585300
2018-12-27,38.790001,39.849998,38.549999,39.840000,39.727474,3796000
2018-12-28,39.919998,40.099998,39.209999,39.419998,39.311913,3809900
2018-12-31,39.950001,40.000000,39.270000,39.470001,39.361778,3526300
2019-01-02,38.869999,39.779999,38.830002,39.509998,39.401665,3838100
2019-01-03,38.750000,39.009998,38.169998,38.389999,38.284737,4245600
2019-01-04,39.570000,41.080002,39.419998,40.619999,40.508621,6018000
2019-01-07,40.490002,41.049999,40.200001,40.900002,40.787857,2376200
2019-01-08,40.900002,41.000000,40.400002,40.759998,40.648235,3312500
2019-01-09,41.770000,42.750000,41.770000,42.330002,42.213936,6503500
2019-01-10,42.150002,42.570000,41.799999,42.450001,42.333607,3390500
2019-01-11,41.840000,42.169998,41.720001,42.110001,41.994537,2886800
2019-01-14,41.150002,41.830002,40.930000,41.340000,41.226650,3006300
2019-01-15,41.900002,42.220001,41.779999,42.099998,41.984562,3156300
2019-01-16,42.009998,42.950001,41.990002,42.630001,42.513111,5530100
2019-01-17,42.160000,43.310001,42.160000,42.900002,42.782372,3583300
2019-01-18,43.509998,44.020000,43.110001,43.480000,43.360779,5836100
2019-01-22,43.000000,43.000000,41.939999,42.209999,42.094261,4023800
2019-01-23,42.599998,42.900002,41.950001,42.189999,42.074318,2764100
2019-01-24,42.410000,43.000000,42.360001,42.840000,42.722534,2730000
2019-01-25,43.810001,44.099998,43.700001,44.070000,43.949162,6127600
2019-01-28,43.040001,43.480000,42.759998,43.480000,43.360779,4462500
2019-01-29,43.849998,44.060001,43.580002,43.689999,43.570202,4655700
2019-01-30,44.009998,44.880001,43.919998,44.650002,44.527573,3364100
2019-01-31,44.290001,44.779999,44.250000,44.610001,44.487682,4195900
2019-02-01,44.299999,44.400002,43.830002,44.259998,44.138641,4137400
2019-02-04,44.200001,44.700001,44.099998,44.509998,44.387955,2207700
2019-02-05,44.840000,45.540001,44.779999,45.500000,45.375240,2912700
2019-02-06,45.830002,45.849998,44.639999,44.820000,44.697105,3830700
2019-02-07,44.099998,44.549999,43.500000,43.900002,43.779633,2144500
2019-02-08,43.799999,44.349998,43.660000,44.230000,44.108723,1806300
2019-02-11,44.930000,45.209999,44.660000,44.689999,44.567463,2945700
2019-02-12,44.799999,44.950001,44.459999,44.619999,44.497654,2992200
2019-02-13,44.220001,44.380001,43.610001,43.860001,43.739738,3377500
2019-02-14,43.009998,43.250000,42.700001,42.900002,42.782372,5024300
2019-02-15,42.919998,43.310001,42.820000,42.869999,42.752453,2446200
2019-02-19,42.900002,43.529999,42.740002,43.240002,43.121441,3154400
2019-02-20,43.439999,43.930000,43.349998,43.419998,43.300945,2882100
2019-02-21,43.619999,43.740002,42.830002,43.070000,42.951904,3531200
2019-02-22,44.000000,44.250000,43.599998,44.180000,44.058861,2688400
2019-02-25,44.250000,44.540001,44.040001,44.160000,44.038918,3973500
2019-02-26,43.750000,44.150002,43.650002,44.020000,43.899300,2560300
2019-02-27,43.450001,43.680000,40.599998,43.599998,43.480450,4333900
2019-02-28,42.910000,43.230000,42.770000,42.810001,42.692619,3352500
2019-03-01,42.950001,43.029999,42.430000,42.639999,42.523083,2850300
2019-03-04,44.180000,44.240002,43.259998,43.799999,43.679901,2941500
2019-03-05,45.709999,46.790001,45.320000,46.570000,46.442307,7615900
2019-03-06,46.509998,46.509998,45.849998,45.930000,45.804062,2347400
2019-03-07,45.139999,45.139999,44.259998,44.450001,44.328121,4581000
2019-03-08,43.480000,43.799999,43.250000,43.630001,43.510372,5227100
2019-03-11,45.180000,45.610001,45.049999,45.529999,45.405159,4059700
2019-03-12,45.540001,45.750000,45.160000,45.730000,45.604610,3464900
2019-03-13,45.650002,45.950001,45.590000,45.619999,45.494911,1884000
2019-03-14,45.669998,45.689999,45.150002,45.500000,45.375240,1686700
2019-03-15,45.730000,46.049999,45.709999,45.959999,45.833981,3000400
2019-03-18,46.950001,46.990002,46.689999,46.840000,46.711567,2734500
2019-03-19,47.110001,47.189999,46.849998,47.060001,46.930965,2876000
2019-03-20,46.959999,47.490002,46.400002,47.000000,46.871128,3969400
2019-03-21,45.330002,47.000000,45.259998,46.900002,46.771404,4916600
2019-03-22,46.119999,46.279999,45.180000,45.259998,45.135899,4217500
2019-03-25,44.900002,45.419998,44.759998,44.980000,44.856667,2739000
2019-03-26,45.029999,45.150002,44.560001,44.820000,44.697105,2416600
2019-03-27,45.220001,45.369999,44.680000,44.980000,44.856667,2237000
2019-03-28,44.900002,45.090000,44.549999,45.070000,44.946423,2966300
2019-03-29,45.889999,46.209999,45.669998,45.980000,45.853924,3690100
2019-04-01,46.410000,47.209999,46.410000,47.169998,47.040661,3604900
2019-04-02,46.950001,47.110001,46.830002,46.869999,46.741486,2229200
2019-04-03,48.000000,48.320000,47.799999,48.000000,47.868385,3994200
2019-04-04,47.830002,48.200001,47.709999,48.049999,47.918251,4026700
2019-04-05,48.340000,48.740002,48.200001,48.669998,48.536549,2445200
2019-04-08,48.349998,48.750000,48.110001,48.610001,48.476715,2294300
2019-04-09,48.840000,48.919998,48.599998,48.639999,48.506630,2124900
2019-04-10,49.560001,51.240002,49.560001,50.400002,50.261806,9060400
2019-04-11,49.779999,49.910000,49.459999,49.599998,49.463997,2357400
2019-04-12,50.599998,50.700001,50.060001,50.189999,50.052380,4097900
2019-04-15,49.509998,49.720001,49.040001,49.299999,49.164822,1730400
2019-04-16,50.110001,50.400002,49.930000,50.299999,50.162079,2406900
2019-04-17,50.450001,50.599998,50.110001,50.270000,50.132164,2318800
2019-04-18,50.290001,50.520000,49.970001,50.369999,50.231888,2289400
2019-04-22,49.709999,49.880001,49.490002,49.790001,49.653481,3040300
2019-04-23,49.980000,50.320000,49.820000,50.200001,50.062355,1719200
2019-04-24,50.049999,50.049999,49.490002,49.580002,49.444057,2041300
2019-04-25,48.820000,48.869999,48.299999,48.650002,48.516605,2815800
2019-04-26,49.150002,49.509998,48.810001,49.349998,49.214684,2535200
2019-04-29,49.810001,49.900002,49.410000,49.700001,49.563728,1383700
2019-04-30,49.410000,49.660000,49.099998,49.240002,49.104988,1320500
2019-05-01,49.310001,50.049999,49.099998,49.099998,48.965370,1983700
2019-05-02,49.310001,49.540001,48.910000,49.220001,49.085045,2868000
2019-05-03,49.470001,50.070000,49.450001,49.759998,49.623558,2016000
2019-05-06,47.470001,48.340000,47.250000,48.299999,48.167564,5470600
2019-05-07,47.950001,48.000000,47.070000,47.459999,47.329868,6144300
2019-05-08,49.090000,49.450001,48.709999,49.060001,48.925484,6302500
2019-05-09,47.360001,48.119999,46.720001,47.740002,47.609100,5542800
2019-05-10,48.200001,48.770000,47.500000,48.459999,48.327126,3782900
2019-05-13,46.660000,47.040001,46.130001,46.680000,46.552006,6897100
2019-05-14,47.009998,47.299999,46.750000,47.070000,46.940937,4197100
2019-05-15,46.509998,46.770000,45.450001,46.529999,46.402416,8520900
2019-05-16,46.669998,47.220001,46.580002,46.799999,46.799999,3543800
2019-05-17,45.250000,45.250000,44.639999,44.779999,44.779999,5606000
2019-05-20,43.049999,43.299999,42.570000,42.700001,42.700001,4912400
2019-05-21,43.570000,43.580002,42.759998,43.340000,43.340000,4226100
2019-05-22,42.990002,43.130001,42.680000,42.959999,42.959999,3363200
2019-05-23,41.540001,41.680000,41.029999,41.520000,41.520000,5497400
2019-05-24,41.580002,41.630001,40.849998,40.860001,40.860001,6120000
2019-05-28,41.790001,41.790001,40.900002,41.119999,41.119999,3005600
2019-05-29,41.080002,41.450001,40.930000,41.450001,41.450001,2844300
2019-05-30,41.360001,41.799999,41.360001,41.590000,41.590000,3161000
2019-05-31,41.259998,41.900002,41.130001,41.759998,41.759998,2840100
